5845400
5623570
5243894
7589133
4692782
5008910
5281113
60841141
16946614
4924982
8060512
7258107
8472491
6364410
6741291
7551191
5981907
5196995
8194846
5294469
10837717
4398988
5578235
4388729
4198629
7689151
3994403
6775025
5854857
4431910
8196239
4314258
4995655
4679888
5234736
7651109
7693640
13830780
3678366
5308214
5255004
5862872
22910548
5010543
5411671
4997809
4768205
6909478
5651824
4449623
8757007
13050396
5084502
5538950
5421198
6916502
5687802
4250697
6622046
5323534
7624559
228470234
7587139
4763597
14349891
4217855
4965718
4263743
5856440
6421688
5055508
3693816
9027248
4348843
5236189
4470323
6491409
4126172
3588738
4442450
3859159
6512710
13886686
4565342
4366667
4199601
4625506
6984891
4481213
4779516
4861731
8026038
4615787
4948395
4380072
4437019
4418715
5345876
4024991
5507081
4364763
12858033
4951892
4909973
6265973
5216992
6266044
5527709
7715361
4091587
3713383
4348292
4389480
8439168
5297795
4778454
4796097
6323061
12480069
4149547
5063152
4997558
5766220
11470132
4854368
5817928
5667223
4971058
4941642
8162886
3688396
7710962
3637900
5952412
3772655
14394164
4698604
5129647
4960368
4668828
7116590
4604626
8389955
6780395
4341028
6081686
4245307
229131124
10251480
4888242
4148375
4370404
4426991
7379787
8339880
3879426
4531538
6719250
4803501
10664520
5031652
5504756
3660774
3912409
3496614
6324153
10155940
7844315
3963345
4403827
4143565
4065869
7007464
5348872
5230097
4973342
4373719
5157961
3968364
4509286
3823861
3825494
5149115
4579599
6375050
4362349
11987038
6441625
5578515
4406963
5454601
6565089
4780318
4929640
5877480
5537949
4867392
4740122
5493795
5197696
3995696
4389801
7550780
4048095
14339311
4394419
6554569
13124857
3932587
4357780
4948395
5960026
3943467
4450255
3825685
4077120
4073002
3907079
6101393
4564901
5079122
4175355
11024480
6086945
5556053
4112727
10759029
4631968
4663187
6405407
5011374
5195983
4650032
3538212
4386414
3745443
5498074
4040952
334261588
6554949
4778254
7025468
7548616
4614655
4452559
6845929
4790467
5102296
4257871
4147112
5041281
5627097
5020992
4283740
6214175
10851363
5655530
5273599
4774817
3750874
8624778
5083701
5352098
7263898
7146376
6997345
10485933
4696960
7013606
5642095
4692252
12528060
4462878
4233124
4195864
4125321
7799409
4365815
4499447
7484114
6805002
6814770
4305261
3706810
64202619
5037283
4431379
7123413
4616648
7288134
5781148
6771198
4955088
4200583
4414036
233487041
14033493
31825163
4924380
5514734
4777743
6593752
5464681
5686910
4533412
13425846
4440957
4837856
7688851
6946088
9362471
5680689
4558769
4021986
4340938
4032957
4841273
3791851
4763797
4604356
4506841
6808559
3742218
14690063
5597000
4469771
5279130
7143551
30937878
7712045
7256885
9179336
19885053
4048676
5731664
5457788
6060445
5495248
4587624
5526788
6054475
4728450
4687081
6109949
6340604
3971130
5320067
4724793
7819368
4365494
12474889
5026743
6486009
4294090
5541004
6660318
4332933
3797191
7300237
5332611
4795527
4682002
4363220
4301033
4258823
4028287
4875868
5064344
4284652
14272254
228484814
6490989
4804483
10519506
4778805
4023578
4077520
5241689
5431518
4266889
4842175
5003099
5138805
12709783
4934519
6046308
4486533
8207169
3932567
4272959
4323946
10170417
5459280
4412093
6276324
3978573
7844345
63970993
7664565
5376765
5013118
5747755
5989742
7587189
7089639
5471954
11103790
4352981
7610893
4468068
4611179
7624329
4479129
5532638
6616496
8042248
4974755
5677733
4431710
4530295
5724891
5747625
8774320
13657923
5007196
5111283
4668537
4972801
6394166
4203709
3824964
7460179
16446360
5407723
6819869
5322723
4389169
5649279
11743007
4245829
4570492
5976587
6983058
285758650
8696524
6074692
4616578
7876244
4359373
5226792
6701546
6651903
4073894
6696747
4053856
6954544
4696720
3988152
9373873
11020222
5867791
4882871
3993783
3882723
3293510
9394592
19451004
6086775
4304679
5040209
3910325
4668086
4695648
4050239
6180672
12153583
3863467
4294179
5395750
4260025
3306835
6952780
4519335
4261137
7255612
3793094
5940138
5097306
4693093
4537069
4206364
4830442
4089444
6562443
4680559
13044145
8082434
3748980
6517108
7890902
3840242
5233183
7380228
4357590
5435345
3991728
3498126
4709814
3727280
3987561
8114084
5897067
10378160
4507032
4942855
4088722
6843875
4985275
5740852
3795518
222414362
5731104
5334685
6737524
6683582
7772067
7798839
12496831
5219147
5718440
5026753
11133806
6400057
4567947
6350423
5678935
5542958
5888911
4488687
3957304
4636867
5849627
5506459
4126022
17419147
4981899
5638699
6113696
6780896
4658718
7999107
6143683
7585966
4186276
6201663
4548319
3832307
7224414
6571731
19401681
4804684
3932848
4728530
8099286
4418414
4179554
6641994
21975943
75657994
7496047
5231800
6042501
8204655
4717549
7366312
5458459
5820573
12640963
4871150
4099432
5853725
3932707
4616689
5497052
5057982
5015172
147359447
7286821
16221265
5861830
5032303
5993700
5086366
78536991
5469730
4539944
4681020
9986720
5167198
4555032
19711256
64459125
7796093
5278368
10007941
7023024
4202757
4484620
74217073
50344950
81766701
5869625
6774644
10262731
19493655
277571028
449166838
61685537
6105290
4859698
7355802
17065420
5466654
78508508
42019736
5727186
73003311
5235107
6996282
9610420
4735183
3989936
6843645
4875468
75408644
5798761
5235257
7081253
7688110
4965668
4529504
4300261
3859609
349213962
6427348
5029949
73872042
222983769
308689129
299624530
305413493
305804622
270129547
8466579
9258916
328389345
105669233
5283328
5257470
5343682
4865750
7720491
6163590
6233353
74989783
7054513
8276711
6995201
9054991
4868775
5997546
4406602
75744188
6167047
5109850
5223555
5891407
5979312
5745631
10982050
71613567
9327385
5537929
7209195
6747052
8438607
83546053
342588161
24934751
6138312
5653287
8746849
4781029
7879411
7694121
77391399
5684816
6812606
7840738
5751411
8009457
6495678
79957585
5148683
5283328
5617880
12415699
11702270
101872153
101189163
6189198
5283228
8935856
4772904
8638565
72905136
126896523
4911697
6088770
7654035
4864677
5146570
7326266
4072702
78760755
8815599
5816825
6201602
5227652
5539091
4455274
84677589
6988548
5833577
6399696
5297825
11304058
5773834
70662201
10231193
7892095
9733443
5255185
9523376
3990366
74529544
320257189
44032559
4772934
259676718
8941807
7167346
84212011
5091647
4699255
8157977
11356758
6233252
77346404
5055298
5268170
6804791
6597279
5308265
4106435
7624139
4713903
71894408
4956050
10409459
6178007
6688511
4442039
4893632
4908009
5006735
74321702
5110241
5699093
5223375
5337671
5255696
4914532
4567977
6079762
75145298
7418941
4748157
4958194
7255793
11093181
9170148
4339175
73092681
5563758
11916145
5318925
4134569
3881150
5906214
10034491
76345605
7359559
4828369
5581601
9087092
4699456
4799094
4971469
70371573
6827204
5957831
6872860
5429644
5755139
3740965
3720286
6190061
4533723
72289093
29805420
5437700
4687704
4961520
4500069
73789778
6554649
4575532
5026263
5079012
6296972
4681842
8489584
82858725
30825767
5954325
4943957
74004262
17102018
5512541
6079472
4231702
7252126
6578304
73298008
29961775
6411228
5337521
5462877
73349205
7989108
5259904
4591982
5329745
5687261
4443412
4527431
4529844
3772034
79292089
6923446
9294714
5323524
8674202
4160838
4952263
72339569
5586280
5388807
5909190
5461554
5833247
7989119
11461576
76472624
5113828
10158375
20788511
7615412
72886793
17993973
6552915
6668995
6090052
10556317
273173590
40556374
9067825
5722518
4855821
6083649
5533530
6050778
5316601
98743726
7315927
12318905
3877633
70361313
337080154
63383355
5234015
750979418
169046829
5367657
5110571
5123876
8657210
9120395
88643581
358350937
8224883
4737928
4178181
5886788
4107217
5292986
9558933
67876701
47990114
251224760
274050038
60948797
5060317
10134560
76685077
10879577
4878934
5015062
4394519
4737488
8112341
77521817
40754769
7039275
78007294
12137232
5147531
14005210
9686163
73427645
48877730
67220833
17172562
12253742
11816166
6656612
249168688
302062503
314749764
57921240
5622339
5373438
7203345
7865875
11383279
5101835
76407813
7415154
13741121
4753287
6588483
4531158
5773073
77250685
32331031
5297524
5019009
74980448
5465823
116078495
5126172
23208302
6733677
7554448
72640358
8592769
6529191
2644134
3519087
4457728
4030612
4945059
6329354
5369120
69776670
214674083
169296493
5422100
9400494
7690224
73201147
127508653
6611667
7323752
4705066
5429795
15334481
75022888
345006659
