6808675
5616364
7708864
3546055
3514846
7939981
3787411
3161419
4435304
3174384
3495830
3782221
6841888
7158586
5543446
12605771
3620566
3081688
3224148
5210999
3256338
3430146
9386562
4012015
3499968
3339856
5850867
4306180
3421830
5735990
6058268
3861270
4137622
3592273
3252952
8542539
232822592
4915210
8328825
3558248
4148432
3736805
11068087
3713862
4826343
3629944
4515907
5731060
5382422
3353662
22986691
4479006
5247227
4173290
6530059
6440400
5594323
8401012
5885732
5261854
8517582
10940686
6506415
7195715
11337626
4758444
8652877
5446583
11921017
6174418
5439159
8882160
4027744
5867368
4250395
4221641
7615779
3397915
4185893
4652013
4327851
10666749
4303606
6125595
4404216
4267978
11269909
4722857
4132663
8925933
4212714
6378573
4286804
4391532
5766668
4592521
3980185
8771050
12230472
4739038
3782371
7157785
7004395
5342557
4844376
4269922
5505775
3665902
3679798
3683144
3426309
3159134
4259733
3677293
3625656
4489867
3411481
6343918
4214587
11718215
228128480
8955078
5700112
8316462
4234334
4399957
8284321
7125002
4778041
4536044
7664662
13693755
6637422
4176566
5670045
5284618
5389636
4977297
4846000
6591325
4542236
3956140
4567143
4000303
4791858
6003975
4351947
4057391
7444926
4547105
11905779
4626856
5030899
4604714
4098488
6862727
4298165
4459009
4296482
6849702
4112465
4859394
7224701
4409576
5001373
4446926
4345054
5909217
11863970
7687203
9967780
3844970
7621440
3975085
3925522
4654438
5855075
6621852
4579356
4486781
5376942
13533352
5028303
21475538
5709149
5596266
5139103
7188322
4778201
4474769
4751922
4758614
4532938
5109307
4793059
4239705
4365753
4725742
4899371
8150810
4762261
12260578
5380559
5498502
230149366
9016464
4803078
4901284
4455392
5881364
7942045
4667973
7777595
11639536
8467838
4496690
6163878
4497121
8919651
5145525
4382714
7357321
4605526
4424675
4790504
6222789
4556523
5963871
10647644
11349899
6148228
4848775
5715351
5533848
7627371
6057116
10032011
5598220
4578554
7250570
4932794
4668635
4470871
5096372
10403433
14844959
5292733
4666050
5203435
8432952
4809039
11597276
6049552
5922772
5018245
5366151
7277811
66172939
16213793
6006711
4722777
4558197
4823047
4223965
5787067
6779510
13734521
5210848
4991043
6311205
12411544
225430778
10556311
16141166
5129154
17492547
4922003
8913299
4462074
12110135
5167267
3935400
18762826
6402348
4873862
5456001
7608856
9391091
18358943
5001704
7381897
7187240
7692504
8326240
15795352
11449958
4453919
6343657
6061374
11830978
5283005
21106801
5582180
3210943
3842114
7045472
3234778
3334736
3442760
4541435
3183471
3032796
7299652
3466815
3487755
4114398
4823777
4512210
10513971
3151640
3169916
4141931
3703032
4572583
4467525
5022092
4423632
4648947
5902404
4943253
4564949
5203084
5029927
4921632
9228274
4884091
7207338
9230528
4758494
4367165
4784744
4650340
4711355
6480626
4840650
4659438
228092845
5488032
4952862
4615294
5014738
6808485
12161752
5130718
5112373
4194379
4261596
5519842
5225526
4338892
5229594
7252253
8268211
8485692
5439420
4453619
7180968
4027164
5770425
62070063
13322103
4638288
5095922
5027312
6147587
5785875
8901797
8851322
5249571
6121779
6801031
5906031
4876627
4321268
7467700
4689203
4552465
6088425
4723879
4286013
4601198
5028344
4911323
5925478
14325698
4666280
4411189
4760809
4323102
8245468
5215828
4403985
6760244
4685616
4665589
6223721
4573164
4432248
4483856
5591707
5285580
5481069
14117114
4920500
4790104
4640472
4311731
7745384
5125658
5300468
5754895
4683332
4916794
230585572
4071778
6524709
10827182
4659447
4647445
4356034
4644790
4829910
5695013
4119568
4568385
7072212
6191520
5749225
4664387
6076203
5548806
4404516
5067978
9499405
12403759
4966327
4584185
4584175
4694654
8384620
4277777
4631344
6418118
4485189
5801123
6203643
4723068
4684936
5297151
8898060
8333755
12449295
4451285
4127783
4870937
4438049
7420981
4664457
5385157
4992015
4471442
4770537
7479301
4591900
4296242
4875715
4837253
5822033
6236174
12308860
5669504
4626405
5149242
5180571
6079098
6368795
5978908
9533510
4625784
4729089
4885183
4437738
7066321
4891135
4955055
14561203
5744316
4427078
4840960
5845707
4872730
7030655
6378273
7246832
5304695
4815662
4982998
4731523
231340387
9337089
5973499
4182186
4581670
4394737
6495574
7267301
4382975
4846170
8459793
5086975
7108993
4514414
5799991
4346536
4508663
4881577
15087236
4994700
4659267
4278378
6105547
6728303
6464065
4704703
4779835
5122070
4964914
5867739
4732946
4816895
4479898
7856704
5426165
8378900
13240298
4677451
4732325
5275580
4695826
4623890
5143451
4798259
6594902
5170312
4376714
4714301
4572353
4604644
5048532
4954274
8655292
21957016
6848010
4493875
5203955
4684234
4981155
4847713
6784881
6816710
5650268
5286471
8588216
4610946
4739969
11158298
13814493
4003328
4711926
4097136
5332919
22706191
7201317
7439547
15235326
6204615
228728918
5022483
4783552
5326838
5233482
5997995
4786688
4422009
5287794
5690414
4897727
5187475
5917562
4589696
4253441
7630056
9115371
10008497
4313514
4663345
4530274
4519484
4413794
7750854
5335864
4336107
5960373
4676540
6223531
4222152
4407773
4971366
4503063
5097424
4773472
6801141
10797988
4995652
4723568
5057178
4340305
5030217
7882002
4736523
4749046
5324313
5423400
4925530
4524904
6371510
5154041
5116260
4720352
6694800
11387731
5235024
7048538
6909586
10824638
5079901
5202743
7480002
4516017
7672066
4657524
4881076
5253529
5378484
4879222
7317466
9900373
4732936
4782059
62627455
252155781
5281833
9537217
4946359
4961598
5299896
5330765
7783105
4481471
4972228
4320697
4411669
4731814
8138827
10276032
6682918
7953216
4601899
5828665
7696872
6043320
6362603
4584776
7527382
4469359
4711806
4545802
4484628
5202803
5381280
17255991
4329936
4085844
7580813
5288645
9026883
5369228
5795904
5237920
4384789
6490274
4395599
7644444
4681680
4138885
4426438
17487698
5151637
4403965
7402727
4670688
9758385
6737431
5765536
5477251
6071474
6235604
5133873
5119356
4898328
7217668
9371955
14057441
4637496
5500275
9363670
7740544
5186012
8585249
4789442
7458673
5504964
4900061
4776468
6086402
5484595
16606815
4858493
238151089
4517650
4750469
6162846
4808038
4944526
4364861
4994631
6388683
7658159
15145366
5492200
4806185
4791917
4760388
4212663
7040002
5355892
73644166
6943290
72185883
7123209
12626650
5401498
5197242
6034914
8240248
4477474
4454931
8174144
5102253
6660886
5233111
4774746
4900523
6731430
4852742
5584774
21694451
5610744
4428461
974710
4533219
550760
9967499
5722204
7801279
5317450
5835117
8378249
5407751
5538096
5133964
8020964
12739252
4650119
5202473
5019507
224852711
6594390
5713277
7030354
8698273
4913087
5085783
4651383
4732004
16146366
5051067
4685988
48155201
4375642
4183028
5560879
6216327
28895066
5399445
20758394
5826661
15591218
5395177
5528298
4634851
6919695
8552859
22172734
5634318
4991615
4776438
9305610
4547155
4374850
8035071
5868250
5671408
5028624
5108406
4700304
5487351
5428078
9608522
13275074
4296172
4434393
5337337
6538786
7318679
5057129
7426612
5021210
4777620
9835451
5525763
5462764
4343220
10886575
10124746
6110246
12073806
12363253
279611761
5651370
4291112
4183088
5162437
7663790
6952267
8814763
4553126
5043011
6729756
6818915
4945738
6143019
54895968
7300544
7468592
6086091
5216610
5022753
4523190
6423288
5640069
9065707
3815504
13093732
5058341
4644459
4539431
7583718
6109185
4846641
4263449
7825686
4692039
4785866
5014558
5579655
5042811
4989942
4639330
17225213
5353679
6122530
5448497
5057709
7895327
4806896
6105238
5368867
4939005
6669272
5005241
7223339
4914028
5311528
5513941
7159067
13263844
5195770
4548027
4834168
6733263
7402606
4804241
9742875
226133821
5997273
5566591
5012594
8415299
15968651
5493112
5129114
4496730
6877616
4363438
4457636
7759481
5265622
4606437
5014829
4644248
4298416
4766980
4459179
5239773
9101354
12506995
4903719
4475991
4577653
5015640
5431395
4268620
5416307
5195559
6899657
4565279
7236594
4350444
4964894
5010901
9355364
8448782
13223176
5287163
6677467
5870635
5547845
4588503
7983804
7682706
4669406
4157540
4689123
5357185
4284390
4477975
4851790
9581661
10605905
5044153
4087668
5493352
8192278
7081571
4486290
4292385
7825956
4526326
4576641
4763854
4655349
5150565
4653476
4608220
4692089
9245577
14242160
4663806
4843034
