55184650
8654340
6295694
5106407
7807029
16173506
5550206
5876102
11666071
10685277
19229961
748965
10177318
6472608
5615589
7222285
72043812
5153696
6338595
5198873
6753769
5202248
7303569
21013079
6630877
5477528
31215475
19049951
31388562
252038844
17475256
18223029
48869088
28388525
21762285
11860979
11575188
6240691
4412026
5021436
5366509
9125170
4340451
5121917
7120453
4598297
4975610
5596704
7121384
5769290
6783906
7790198
11594024
6544204
5147185
8668337
5112298
7354224
6167973
6796942
5320782
5849792
6811178
5173695
13394246
8252501
5977654
8786651
4740737
5099374
8183972
7748179
7097219
9171297
7491112
6972062
6136173
5446220
6104393
5370125
6745524
11303997
6771934
223987288
10770649
5959839
6820206
6377188
8112807
10560011
8327413
7898152
11421168
143150644
6200404
6889306
10304758
6529476
6817641
5966572
18270849
5749262
5861474
5656657
6156221
6350508
6870921
10464841
11375942
6881772
6180867
6779468
6547280
20915085
7560744
7150760
8001127
7088061
7018340
8173071
6513726
7512874
6292429
5822160
7050199
7386215
18156252
6208549
6156321
245088674
8793534
6536369
9659339
6401414
15959893
5533514
5283152
6303549
5181770
6950582
11688332
6033669
7817389
10222443
5778397
8977030
6173493
12420256
7162953
6572137
6626029
10142512
5571286
5376738
7691241
7880689
5490553
5775612
5618656
5859711
5938560
16242076
9314969
6991118
8492785
9609936
9974966
6992862
5661076
5728863
5431783
6439816
6766695
8336981
18082413
6462359
7147023
15149362
11488776
8922236
6661285
6841837
6385985
45834405
8467268
228854313
6767546
7741476
6151232
7764870
10016925
12956498
6580893
6643311
6509788
7952614
6258103
9312243
6134961
5800689
6586443
6987161
6644904
7894034
21375144
6930965
6179214
5564933
7128477
5804747
8926745
5962725
6068866
7929842
6270076
5948799
8051833
17052797
6269706
8546657
7075678
10190352
5779199
6623865
6369334
6191057
8712230
7303679
5580924
10260815
13393565
7874177
9958855
6087562
9033086
10596280
7461918
5456108
6261860
6554844
6584380
6896670
6958446
15056025
5885860
6145060
7610548
10022816
6674710
271286199
6375124
6746096
5603226
9663778
5936787
8959798
5349437
8392846
5602965
8290583
7840984
7063175
12836251
8605228
7724674
5462140
6514367
5779248
5448344
8245909
7610799
6373151
7694336
7849971
5858819
6233808
11458658
9741004
6315813
6232916
6811929
6178703
9013229
5869669
7159486
8639272
5774710
6879126
10447158
13721664
7409288
5815337
5602715
70171765
12975374
5719455
5600711
5951243
7092400
8048697
6341250
9222353
9485841
253512850
6208420
6585983
5590212
9841343
7153305
9405369
7717000
7499879
6201276
7762265
6072974
18381137
6152744
6072203
7369292
13741412
8302075
10496541
10779014
5442954
5852126
6371328
7259586
13077287
8042955
5408799
7075357
6828270
6535568
10173691
6436941
5655225
7826015
6183192
5420631
6236844
8310601
19446961
6378481
7923410
12073921
5932799
10727127
5846867
8102247
5875370
5908293
7566746
17984689
7114592
6157123
5634756
6505140
7556416
6246601
9233284
6749071
8046141
5715028
249215332
7696892
9479088
7419397
8604988
5609197
5917350
6779168
6090637
7318357
5453623
10688604
13349962
5454476
7883705
9882641
74960944
7619846
6494079
5567749
5195025
8262119
6059478
10440215
6947696
7042615
5800178
7234859
5958177
11344744
13218153
5955121
6085427
5938900
8996968
7196977
8328615
5795770
6289963
5535128
5443404
6008061
8918009
15544558
6234058
8199682
5552841
5965450
7495191
6015545
9256779
6276669
9680469
6756626
5813202
5960231
261611021
8755922
8338364
6524196
6643060
6007039
6630257
8780309
12816344
5747619
6871963
5737831
5905458
8003721
6252483
10745000
6955762
7479752
5729334
6991329
13252388
14246806
6438234
6467529
7721448
7984836
6000947
7842557
6250389
7643200
6376006
5860372
7211555
5827309
6429989
12302393
5704708
7094964
9928517
10955118
10298948
5882804
9186406
14638697
8001417
9892981
15994468
7598606
8460985
8997109
6289623
8101286
9637057
7459202
5706030
8410591
5815727
6452792
280834951
7555074
6283030
6748419
6170127
13349761
8164755
13555641
21957394
14286792
6023901
5728954
6778016
8051030
16352365
7766353
12368417
14797126
8516510
6656216
9892850
7521460
7538853
6993062
6809094
12348601
7431200
6321473
7462499
8251490
5776935
11284129
5723163
7115072
5768559
5376057
5650445
6627692
20683277
582203916
58877427
7332924
6997921
98901014
14207603
65209690
6327985
289514349
6780801
6423597
6315221
7748339
7770541
9478759
7028048
6428536
6439436
7161570
5736288
7296996
11826053
6437853
5540457
6676284
5950702
8487336
6353083
8954618
6385614
8816958
7858417
7461236
10823148
12760648
8140540
5683267
5333226
6763408
6192890
5864490
6827550
6256931
5853479
6035032
5313018
5589911
5691874
5787274
12377385
12400638
5999164
6643081
7286246
6478279
6043718
10500909
6976370
6245179
7097639
6906949
10850440
15904168
6296125
5457901
5498949
8579910
6004805
226507822
11236810
8761573
8685910
17316586
9015423
6545496
8289772
8143115
6905707
8163574
6063005
7976360
5469524
9922116
6315011
17996410
8107147
6693456
8510178
11607440
5879989
8423355
6070690
6426101
63215203
8258874
6314551
10826625
6939912
6260217
9259404
5814445
5783267
6975649
12650591
7262902
6057745
5544536
5773879
8413285
6099584
10805735
7085647
5579180
7201717
7927277
6277239
17762690
5786562
5287270
6368141
5413077
9993100
6474522
372841089
6536750
5954079
7804345
9794445
6310102
9011506
7445307
6148155
6008181
6818262
6024983
8139278
13756540
7527291
7991899
5893725
12719912
10058283
5703636
9638079
6146903
8158243
8331110
8021626
10812378
5932759
6878506
6073555
8397285
6148927
6699898
8003461
5885860
8379191
6460075
5636739
6034210
9556506
11363829
7853778
7569471
6267191
6627541
6656106
6442091
8308187
4558162
8290804
282805635
34858979
5108110
5466338
7253824
14456463
5007290
5804617
4456209
4499541
10460162
4609078
7388490
7025834
8496713
5353654
4681966
5144300
5081370
4732862
17052948
4710219
7062974
4941807
5251301
6593717
7272650
14327379
5346822
6437903
5679420
5845815
8648961
8308067
23534594
4969199
6009514
10701418
6639083
9488857
61084617
47602385
6460325
11952932
233962898
7769949
6667036
6081140
9953435
7420569
8563919
7820765
6143166
5855764
5753019
5343055
7727570
10570882
9115803
5939412
7770080
5982573
8342532
5952296
9363932
8046373
5554865
7738600
5612885
5927539
8582455
7369423
9635123
9118177
6733281
8593676
4650857
5172683
5804687
5948098
5710539
5609047
5529297
8164635
6052174
6749121
12871648
5487839
5865772
6067172
5711741
462273
15172115
6149228
5677797
11111904
7705589
37963405
9298948
8983082
10678114
6583849
8106847
7378110
6305302
6972343
5495753
6030533
4648092
265856364
6084536
6457029
5350969
7055510
5903553
6671104
7177972
13113626
5830776
5604509
8351238
6445358
8141492
5636318
7425359
8283570
6163976
5902531
6091929
6492957
8065548
15542124
5615219
6115334
11717288
10132664
6727219
8262510
8792892
5967134
6594619
5736959
10403585
12504865
5800159
6519307
6176961
7672737
7711750
5634646
9913440
7667295
14912665
6688597
6236001
8282819
14352987
5460236
6051152
6831056
12239454
7960350
12951610
10959045
9541196
12279831
14201090
270297545
6457179
7392287
8900466
12378196
8113028
9994032
8605528
6248556
7014122
10890415
8664209
5443795
7628573
6761475
6605820
16021059
5777005
5613536
5651057
5895749
6919854
5622633
9243604
5947487
7209761
6575303
7464853
7085396
10658688
76627122
6445267
8875258
28032342
9772814
7972041
22159195
7720656
16005840
11671942
9673095
15773441
6754070
298280503
190550338
132195248
11939167
7266198
9787131
8596742
9321451
6023761
9443953
6365496
16893016
6468411
5431501
5888495
7176809
228377134
7919392
6398999
6021637
7327133
5575043
6804285
7917108
77639244
8033678
12074353
13654567
6189243
6926046
10752235
7363092
10477214
8620046
8918179
5784138
6345999
6504549
18801703
5838200
8526579
8353482
12670959
9413174
7272880
7027166
6849180
6387007
6192179
5893295
21046744
8151982
5816519
5975069
11585840
6355838
7375826
8026003
6159828
6295875
5852256
5981070
5107560
15869062
5774259
6156411
5600972
5813223
5886512
6623394
232488072
6022428
5701863
6078084
8373199
13251125
6380955
7060650
6067964
9315661
5985448
9467246
6123910
9749349
5789147
5400303
7202538
10107496
7389341
9688225
6716950
8245919
6417785
8141031
6119532
9235259
7102819
5317296
7807621
5499480
7334156
7611370
