179786387
9088602
3922521
4730949
5952777
4923983
4988054
6897723
5685192
7616440
5552000
10983743
4720700
6772025
6120424
8552840
5039702
9646135
5234190
8228427
5617895
6302088
5515241
7387699
6136224
5948470
16707217
5177663
5835466
8142175
6801611
8614426
6019263
5559705
5731500
4379866
5199504
4728915
5300244
7815647
6038700
11182939
4953370
5038039
5256933
5420502
7592075
6131765
7942567
7603386
7416382
7892282
7056563
6583940
18532627
5616953
4677157
5481307
6749933
11280785
5211407
7979527
7941344
5137758
5543985
5155491
6164428
6886612
10461326
252855787
8031846
7590822
5761987
5636860
4947939
5557580
6569403
9871041
10518404
5231384
4857167
6209743
12443802
98263914
489569555
77088344
140683114
25559634
15722086
5771535
5354617
5338808
5816680
5604459
19652072
4763600
64592434
5740767
4973938
9325470
12085314
5184496
6330321
5156864
9472758
9347301
6207429
11039649
5836288
5868308
7357982
5418328
7459795
12721878
6068897
7328917
6298530
7950181
6464604
5176070
6176230
268729009
6457831
5470797
5676455
8018331
4948890
10017237
5985219
5393110
5122088
5486977
5686815
6002261
6402006
5771185
15904020
4964700
5430310
9708393
5018492
4483361
8247483
5985700
4679572
5403901
4541390
5138890
6099174
8122617
7988905
15531005
6706411
5200496
5631320
8011067
5432464
10502765
5992322
6885930
5234000
7029041
7782474
11802570
10830604
5184706
5236274
4873749
5542171
7381126
5555957
6153397
4708456
5728513
5221556
4904647
8851214
6704468
5829003
9364073
12882120
5181610
4711042
5560135
8384482
8538363
7176580
6000638
6649815
4786323
227687063
9152133
7544545
5986200
5893585
5514510
5265269
67537960
11722790
5987173
7310453
6430350
9012940
4930826
10992549
10536308
9583457
6033260
9587745
7949851
5677106
10066220
7753891
5441882
4861616
8233076
5238548
5018723
9737870
5461338
8552790
5352573
5077103
6449375
5564384
9107669
14969894
5061834
4603599
5518848
11466616
13182167
4739835
5798737
5323699
4411786
6542973
5862477
8004744
6133378
11268391
5912211
6897372
13071618
5311676
9856153
4641419
8782825
5044421
5253295
5757809
337046081
8090788
5645737
6306916
12314708
8823291
4823263
5414561
4991601
4943230
5321615
4548674
8797242
12271507
10161850
4500514
7009674
4869271
5245381
6507165
4887295
8580653
4280218
4967356
8406173
4324481
4584693
8477829
4765224
10404198
10344295
6244309
6670965
7823372
8271458
4168196
7379474
4256212
5719547
4325242
4517366
5017330
4684912
5072694
7304251
9850131
15099900
7925284
6761846
14157840
7334358
5773518
9199542
7729985
5774882
6926417
5286268
253068400
6565245
11431119
6497787
5500984
5155952
5755976
5061042
11554252
6400774
13460934
4888286
7088423
9143636
8009554
8007009
5628094
3988817
4577489
5102030
4401036
6169086
6326594
5528626
9542139
10988012
4751368
5174788
4988586
10782333
5111738
5062074
7927077
6809837
5307168
5043860
5134281
4715479
7050251
5959420
14573607
4970862
5091020
6223950
6294994
8731428
4775804
11196114
6048649
7133208
5465677
7419699
9941785
10729143
16452527
5579562
5007842
8637560
6195065
5081201
8626009
4788217
9280505
5135353
6717923
7631078
6387248
13326460
255085161
9806950
5038880
7515630
6781073
12109991
15848886
8552158
5562460
9514918
6040403
8614717
10367028
7554724
5925265
8720066
12303787
13202084
9450576
7477027
5114183
10371276
4950063
6059239
5675925
8665993
9785860
5606734
9869417
47479290
132480405
5347353
6401405
5103293
12240819
78670414
6664232
5871083
7735035
9447911
10991558
10908260
87376303
7320552
5256261
5264748
11653599
73975443
6431612
5700771
5177913
10499789
5825377
11033897
90665067
5436913
7291187
5343115
5369155
6677487
70480980
124101533
6642901
6325983
5757439
8768067
7807442
80509649
6873527
8541558
11303878
12115883
5683318
5329389
73607137
18753254
8410772
7708075
11913429
79412406
116778257
6913072
6386828
9805297
7157835
5723384
75965172
9252121
6673889
7874628
5627273
6018743
8320101
5699298
77345500
6121236
5744714
6720258
5537984
10423014
78063567
8708375
8226073
7461518
11566915
9142203
5747450
75554798
12773234
6138449
5349407
5499370
9387567
74677600
14053023
9549694
6526712
6059089
6295986
5425271
81720326
8274003
10870920
8172491
5594721
5987263
70536255
21701505
6243927
7863317
8617963
6276760
72733988
6411004
6322696
7102550
8621711
6356210
417275041
28369293
382114067
110783400
230945542
8967574
10718832
4909225
6813423
595420770
13732147
204910319
14721155
11959387
176867464
204466891
203701856
10891790
8906459
5839644
179236720
206202761
204686857
201624802
211475333
29489399
11227133
164744548
620755271
205941077
207047468
7831718
11007999
15541254
177332682
207385777
435548992
178569751
653565785
10452870
6002682
10061941
6135943
5276250
10945571
51035850
62752599
38184317
25930855
347464971
132390386
6820788
5956735
6157063
6319230
11286866
11781120
6454586
7809706
6901731
19234814
8664841
6479213
6177622
12441318
7592155
9355918
6680102
5244609
5938852
7941405
7123419
10934390
9515429
6270768
6062655
6381057
8717522
8509689
6425832
5574914
6285867
225736670
7288552
10314880
12454282
5496746
6225563
6926558
8729644
7539005
9888684
5857898
5458174
5469845
6249278
6047967
9641647
13583766
6362913
5167033
8904635
8741977
6205846
13026673
5735517
8036524
6301176
8824714
11548951
5979889
14065997
6244368
5628364
5591525
9263082
5551609
9297838
5524188
9446338
8335068
6594810
16869023
11462367
5313149
8806851
5397208
10080857
6303791
6921959
5135864
9650865
6208431
9368722
12468179
7920014
8170829
5431233
5741849
5087893
9618183
6560847
6510922
6154759
6669362
9819013
6220213
331972489
14042272
7545808
7163515
25487959
9252742
6655666
5677608
5530049
7250089
10744711
13630595
5453264
5523707
7010716
8582366
6132657
9084796
5403430
8735405
9979786
5331954
17497250
11164325
6185457
5081462
6037608
11966780
5944352
66672325
65554653
7537332
7430500
237104280
6466378
10535998
12590800
6210565
7415882
6746427
6611823
9174024
8693636
15602260
6058948
12086146
11057162
5168235
13050809
6171742
5637772
10424958
7680542
5371529
9461677
13016034
6007160
6247253
7572458
7195806
5780332
9438173
5615420
8121666
5836678
8282029
6412035
12523793
9706800
7377019
5023542
6114343
11814894
7122488
13514646
7747699
5440600
7956263
5503578
4995659
12226021
10366808
8587435
7352873
10191667
5957306
6547050
5412076
7436972
5588830
9290293
6040994
11971199
414852448
25946585
6690322
6925866
7224481
9543001
5782165
7335781
8192680
7660234
5534096
6845374
11279863
8867064
5219251
4884129
15490057
9394751
5693889
6753431
5818785
9265296
11765962
11130862
14100633
7805438
6041415
12791309
6937137
6752609
9083233
5817813
5002943
8811479
7378681
11497965
13211533
227870833
7099184
7939732
8243826
9540487
9557829
5359477
7068195
11189462
13449052
5297380
6412106
4710290
15292795
6190136
5540338
12266146
7446931
6057055
13624984
12971489
8065540
9004573
6215484
9087240
7892713
7624627
6568291
7191598
7934933
8195996
10922077
145348902
110416878
211147035
6058487
7674962
7828802
9969297
7444236
7537462
11783365
8805297
3696114
5114073
4064009
10822609
5889378
7920566
5683519
6526742
4596725
6892002
5284555
6992051
6157294
5633033
11058504
4384825
4315034
6327025
6862176
10041082
11085967
5054229
4771676
5160721
6039772
6519469
6561648
4254028
9583428
11568338
4410824
6430300
4653423
4479974
8679510
4358385
4650136
5998293
5341513
4639567
5350790
4662429
5144771
5209343
5516113
10497725
11384711
6749152
6724355
5401426
9168714
4552492
11067461
6942998
5712935
6650225
6242515
7069007
5208651
16682391
4492158
4765504
4625791
5920617
10403217
5854912
227108053
6379143
5875501
4775203
6255049
7926998
14535274
5738252
5925997
5953439
5916138
8590241
4542042
9940533
6720528
4407528
5111017
9173663
8153235
11779737
10967072
4594451
4434448
4490023
6069528
7723814
4329731
9719084
5045242
5577519
6286128
4500474
7433015
6099545
4409752
6253045
14545082
5307168
7659833
5984507
12126903
5089646
5660625
6838831
7445889
7343466
7173785
5020165
6919504
9120002
11482125
5358324
9155489
10888474
7386297
7455998
6458834
7252313
5722332
5761215
4891793
71388366
8148606
57372914
221880806
167710053
13186986
5707044
73017715
5300725
10775069
11654110
5865432
9026906
75455260
36837193
5789359
74728016
127356927
6232526
8235160
4723645
7100256
5037358
5852308
5458504
71606027
6715118
6366930
4823734
5741118
5166051
4539848
5821490
17767331
69423684
7721339
6785951
102231663
10769829
