1546166
310056
299608
268089
273419
253702
276474
243122
242170
251618
269501
228314
253732
255656
251888
250376
252801
283868
271025
266606
248262
259413
246709
230279
263390
242511
237372
249324
256227
265123
238263
247591
266415
261466
234126
249665
242230
258992
231921
269792
243162
256137
234446
274651
241870
245586
232703
265363
239075
258240
249344
269561
249454
225470
248983
236981
233554
253261
252329
229848
229236
231300
245497
272858
239245
239185
248262
230268
230909
241028
241368
229877
239306
287124
242401
231540
222334
254203
234897
233715
231771
265063
252360
228315
228615
268179
237501
227504
245096
261186
231721
235979
226642
249484
232362
225700
295069
254073
237191
242120
232513
235779
232633
231781
253982
235668
231671
240267
243834
236901
244415
240186
252078
249204
243193
232843
249814
236861
229818
229868
245126
250185
225519
231611
254964
231421
246178
230368
248743
253221
233735
229306
238173
235067
220900
232583
240287
237712
234085
232994
244044
233945
227052
233084
251128
242120
238414
232192
251087
356523
232663
253381
249894
238494
229627
256928
231651
261487
224658
237642
247040
233274
230709
272177
235929
234897
256347
236189
253061
267477
249354
244214
230770
235308
248021
236690
233745
245336
269030
233124
233765
284449
266335
1582473
932394
343529
267087
273799
239616
205692
229447
246588
211263
229898
173142
186627
170237
203769
175467
201645
163064
224277
173984
181488
164907
185575
155639
178512
243904
204270
202687
179223
177921
215020
192387
182750
185635
133518
247190
124722
143587
111197
252740
160138
206574
225640
282585
247691
248202
228846
190154
239595
177781
250596
302663
259162
184483
201094
211183
225118
161420
218186
136304
180636
140000
217104
126064
186446
127628
192578
127817
210030
123550
182610
217524
133438
154197
203048
123740
186817
200363
221722
173743
149528
119282
129822
121496
116146
239496
126605
201545
118310
209961
145380
205452
185826
180636
201024
174815
149499
144649
147345
138618
127988
159597
130803
133118
133959
133158
127147
133479
152203
139499
126025
134660
172702
130934
131825
126896
124652
123099
115905
122999
116075
128699
131134
122938
120194
119192
113662
118190
110636
133008
117769
121837
143156
122398
129471
121426
141954
125684
123019
135793
144108
133097
141704
159306
133499
113000
121527
120294
126676
106118
132006
115094
121436
109985
140581
115885
107530
102871
116707
102120
106327
105115
88946
109093
96810
99475
101288
105947
105506
102079
95758
107600
94105
102170
96780
100467
88885
111357
91230
108261
93855
106929
96449
98313
110035
114213
136925
130031
156251
130713
131505
113932
122648
119923
123961
116487
129301
117087
122388
117308
120695
120535
121485
126485
159787
158885
156191
130502
94916
103051
97141
125454
93264
135432
95899
136745
109213
121075
111357
112720
114152
118651
367434
413268
130723
185665
167121
123309
119091
115124
113271
115334
109214
113822
115735
112149
110466
174455
104134
150661
100026
154878
96320
156511
107410
156932
108652
155098
110886
173784
108963
154046
111077
156150
107089
156160
121697
158264
104194
152593
107790
157282
105456
170146
106529
153155
105096
162602
193179
206724
195313
179324
185525
171529
215751
187418
194632
187569
192568
196105
210020
162412
196735
183241
215942
199791
205763
181488
208979
166951
224878
185435
202567
205382
206594
185796
201395
181748
200563
192889
203539
217956
225479
240186
195984
187379
192989
210702
203518
193930
199301
197798
195193
191106
202537
186537
227253
193720
198549
195383
195293
210843
220410
185745
203960
203819
195484
187178
193370
182129
209099
194702
201595
201524
195824
207646
202216
187790
198128
198179
205031
190865
192529
187749
217415
190575
198730
186577
206434
215741
206113
210221
201956
205753
195865
189232
199190
196125
221793
198850
234827
201835
225659
190966
192328
191957
184563
204370
183922
179534
179785
177620
204140
193229
205563
177710
188401
173773
183021
174685
183411
174324
202467
184312
184523
179494
176127
202356
197567
180866
184653
176950
194552
185184
177731
198940
181628
188991
222093
175767
175757
174986
177821
194121
200633
196726
208678
202607
171850
170227
175997
196977
164566
177660
152634
170627
151371
184753
175356
182299
178362
181287
246118
182069
160178
181688
157683
195804
182579
175115
181627
172100
197387
180055
164957
181868
177119
190945
214289
247690
216864
236029
213527
169034
411375
362414
202197
206053
185204
209660
194471
179935
171379
227433
200813
145160
259062
251548
357936
242601
223485
254584
204450
227784
244655
242161
209931
217334
179444
226552
218096
222184
191446
215551
200332
230379
200122
234306
226521
225209
197908
210982
211904
237642
196616
216042
198650
225640
205352
210882
197307
238193
202326
217274
191115
209851
193430
208117
190324
206985
206534
207626
187068
213387
257469
221963
196225
210021
179233
226452
199140
217344
183080
213156
224057
195273
194442
182610
210913
186567
193149
183151
221622
196085
203298
186416
193250
192188
204881
191165
208298
211443
212125
196285
198941
188901
215691
188862
197708
210522
214359
215330
238704
188701
195855
202086
216503
201324
229998
194522
217825
201575
219258
191627
236980
210451
220400
195965
248723
200523
228385
197687
225239
207305
209349
196516
232392
212886
230779
202977
222734
213126
225770
213688
233304
202727
245787
200824
223736
189873
233575
209770
228565
196696
213046
201775
225189
192518
219679
209220
205722
175205
172831
174023
207266
177129
197999
178272
209500
176469
178532
173573
170597
171329
211152
184413
210662
175546
194903
179444
202917
180496
196255
192317
223656
175677
177891
176599
191416
181578
184002
196635
151662
188681
241519
178532
146542
177280
215751
188841
185044
181398
220400
192047
206334
175837
211534
184393
199010
181548
184112
174234
171329
174375
200292
174335
199542
175366
256767
237001
257278
256096
273038
241139
245346
243634
241128
227593
227233
287936
221612
245056
192157
238344
194372
186968
612649
243082
216032
179574
213548
164846
151832
111467
140030
109284
135683
118650
136594
103743
125984
112770
99355
121806
127507
130092
124141
103503
122277
100437
117589
101328
114473
187429
237742
222554
221032
218507
226011
220160
210852
215220
197858
181197
206083
164987
227844
181858
186397
165678
207786
184062
196636
171759
191005
167601
212786
199672
196054
168363
205292
199992
233264
163414
197808
180806
207315
187519
201165
161360
218105
163254
196025
164146
197868
175676
207586
184654
201435
166991
214720
184353
191396
159947
201805
193149
195304
158685
193029
177069
204680
160609
205001
159757
201224
171840
185215
204871
173784
207646
190294
204360
174525
203378
173593
208628
179794
199531
180926
176729
203178
234436
174454
214369
204240
204451
182689
203679
175947
199431
187829
190164
180455
195674
206454
219248
191877
203108
191657
211143
178131
183210
204461
218075
203458
205502
179433
184743
197046
201294
188009
195855
197959
209299
182589
190704
175997
225690
186096
208918
178903
201425
170938
211443
176699
203468
176729
221522
181387
214659
177069
217294
209209
200503
178322
194873
190194
197767
182370
207325
191496
195894
188390
203268
184794
197778
186808
198379
180777
198890
187388
214339
175577
203559
182349
210121
195834
184503
180727
202557
192318
211523
176037
202647
181839
197417
182670
187038
177911
201164
183471
204681
185094
179865
198118
207827
179995
205943
176498
228134
190073
181949
179293
198840
190034
206323
173733
206444
203960
217345
187539
187098
181477
202657
184343
198158
183481
225449
246158
654608
262709
220441
239165
233274
240096
233805
222364
302413
307372
307932
271154
313894
288958
287865
286663
307722
279760
283167
278708
240587
235278
233214
215561
203238
205472
240928
205833
204851
212015
208117
198229
214679
233975
219758
225460
214820
211984
207556
224437
212936
200603
219147
260565
214359
218116
200513
210031
218487
209320
207506
206213
220340
218957
211583
207576
208188
210482
226492
202596
214929
213017
208748
210542
206474
228776
216492
221351
201655
230819
211854
207836
199762
239706
236290
209119
200684
210461
231822
214359
230980
215431
253191
186857
202798
209700
254033
223446
187740
164776
162523
172952
150289
170457
144990
165739
153706
197768
179904
184463
168203
180806
178903
182579
205773
189302
180376
202326
174224
182320
169535
175616
151502
207586
190635
190775
178502
186668
175497
231600
210732
196145
203439
199591
180355
198559
178552
238564
198780
187228
204781
176118
214539
197507
191696
188721
203097
188791
203448
182028
200112
204340
188781
189422
194371
187248
210491
182158
204981
186497
194382
209249
196045
170227
199291
185325
220861
206124
196436
159236
214289
223375
260665
228505
281052
232713
248372
184854
253241
187849
216393
184904
206925
209069
213587
183151
209139
213948
218697
189122
202647
181077
221391
186697
208828
194321
225950
192859
206724
187369
199962
212065
215531
192828
214619
161551
220610
189051
199962
183712
227624
205261
216823
182459
208728
189363
211794
184253
202697
182820
218416
191065
208298
185305
229907
189733
206163
193610
222794
192208
210011
189793
226942
591120
235719
279861
268329
265815
252800
268690
250406
250877
255305
288636
217956
215731
223566
212936
212805
209550
208448
243263
218005
211123
225309
225680
202316
208949
208448
225820
213026
202808
212495
214849
211273
221432
210952
217926
228375
209369
210321
210271
226912
213347
222043
252139
238784
203689
220590
236620
275753
266516
256717
243343
273969
207756
247480
245386
255325
225359
238163
238664
256718
221412
236800
241148
251077
224528
232513
231200
251087
214349
242551
226772
272507
212575
265975
235868
221803
220610
198820
206765
195323
208839
181047
208948
191256
147243
97562
137205
89356
143387
88755
120063
95468
134149
92913
139830
93373
142775
90809
141994
107841
145721
92201
147023
92722
140681
110255
127968
153997
181999
118961
190033
97892
178843
106749
180867
137205
195544
126355
186527
124872
193931
123379
188050
137055
184313
111998
178352
112980
194281
118190
185104
136854
184583
108101
184363
101539
113491
178742
99155
174915
112079
175446
125714
186367
112469
187358
103943
184744
112389
190113
111076
178001
113361
186837
107130
208107
111959
181688
109663
178462
124030
217375
117458
195473
111848
186086
112489
206344
112038
186006
99656
178902
109644
200603
108913
189182
109093
182029
99344
214549
202897
191787
192057
246619
201074
200353
198850
189152
216853
194812
194011
185835
188230
212645
207125
188441
192679
185024
193791
191827
201154
194903
228364
200744
205032
184734
191096
178532
176428
176920
169785
167722
188340
170838
174775
170668
188811
182018
194922
170107
181968
166189
196065
440379
163373
184834
193390
206454
194842
171670
176809
225209
183101
181979
155770
174625
185925
178302
176839
174915
173793
178682
169315
174976
220360
179433
178892
202818
188741
183030
190374
184694
192919
157864
150029
147655
147154
155860
147314
154207
155128
149388
147063
147304
166039
161401
160128
153786
149919
152874
168003
153746
151151
152734
128709
154899
149328
157533
151582
147354
148196
148907
129100
161029
157262
148426
147485
148957
146122
164937
135321
152884
146523
145922
148326
157773
154667
161921
129672
153326
145571
148597
162973
153976
147444
154097
149167
151171
159887
150690
147123
154718
146353
151161
168403
169726
155669
154267
145891
150029
161771
158735
131875
156311
149408
155840
162452
153907
168404
158736
134951
164106
173202
155419
150921
152725
144018
151231
148857
153045
153756
150921
142876
149898
233755
254162
231871
235899
248893
232463
226031
229306
216983
224718
197307
214609
201956
224738
205732
207206
201895
237001
202336
214208
204300
219378
219178
251708
199621
215060
210782
249634
142916
172391
175707
163104
130864
153996
126275
152253
153655
175817
135021
173232
156762
170057
95447
196025
109073
165247
102841
161330
98894
167732
109533
167612
102009
208758
162322
251007
146181
207696
139039
199521
121065
131835
130212
112479
125003
118230
138438
118400
150129
116667
138046
115625
146833
190254
142144
211343
196335
213918
192087
176378
147775
142555
125424
125353
133127
135392
224968
139299
204079
119522
162171
95678
106518
82213
84147
81301
180445
103482
99135
93524
108972
228495
366843
147584
136925
141624
103252
117599
100276
112580
190835
97832
201044
104905
184804
96409
162572
150219
231030
163033
210782
165458
184103
183121
207186
201444
191957
189042
253932
207176
184593
189352
186357
133238
160338
118079
146733
117489
149328
125854
151922
114453
153756
217685
173493
208928
200633
200143
190575
223135
209950
211864
173623
234195
315577
278127
162622
125814
152214
201916
128679
189883
121666
189813
128249
109554
105376
94676
105086
91340
116677
90608
110054
99255
109864
92983
104885
90638
127316
95418
164095
98674
175447
95578
182189
92392
159657
90879
193290
111457
163515
101469
150220
97822
152583
94866
182279
97190
155760
102090
156932
101229
166891
112669
166570
101839
161500
105166
177300
100577
176899
92603
163023
86100
165267
91460
154247
96399
171359
88875
160218
91229
156982
107019
176268
105496
168744
103202
178633
104174
168904
120344
100617
112169
171058
109704
150650
105657
156932
112339
151702
107861
150971
125133
185135
134260
171228
107420
166219
100427
172340
99455
176308
200844
121376
166870
117239
160088
128600
161661
115565
139049
120905
147364
162422
189182
191326
184243
167562
154327
174956
166019
154187
148656
157263
150750
171930
153155
155990
184293
156421
155249
172691
163394
153796
151181
155309
159115
178231
161460
157944
154768
165558
157803
165858
166038
157122
151993
171619
164236
159888
153606
152033
155209
149898
154638
161120
155870
154597
149398
153496
160078
156481
153064
152865
148627
154968
147565
169225
168683
149939
153896
154738
150390
171920
319895
204540
167502
195043
178592
178422
157884
173072
162653
177089
189603
198460
163635
223836
186297
200262
183221
198209
199291
210281
222143
213226
170417
193710
178142
180175
201915
177230
201985
197638
171278
176288
169114
203879
183502
184974
191396
203248
194482
199281
183792
192718
175497
208027
190785
197077
182208
190254
185676
198219
176718
199431
194362
203348
196144
202327
185665
219749
189152
200343
187820
202707
212225
203097
185665
193220
188130
212816
197868
198389
191667
216062
185065
199231
177590
195884
217214
206013
187639
199331
177741
215361
189873
202416
190494
206383
205352
200984
186798
200262
184503
207176
195143
198048
210422
216954
193590
202196
203369
192178
184313
198639
175156
193790
184162
218256
186627
191336
198489
196195
182550
199521
174444
192277
175657
200713
189743
193630
172211
204080
182169
192769
176398
186918
205362
197508
204009
191606
171649
210692
190374
197988
189673
200904
200934
195083
179444
193029
174344
212906
188030
199291
179404
207997
181718
198359
180055
191286
206574
202847
183201
195584
177670
211203
179023
192669
157763
191486
195003
198599
180165
201655
213357
184984
186968
190795
184423
188089
196195
193900
175276
193049
154056
192218
185275
189512
179063
199100
205362
195984
154858
200834
202868
174234
170878
138428
163094
132977
191176
195714
242692
251227
261186
263550
224758
231891
228675
217264
191707
212375
206294
212625
191817
206264
168343
239976
203539
213086
198599
222394
207667
213066
168203
214600
219088
210942
190084
210091
195704
214459
170877
216263
493358
282205
218376
239305
248803
192428
157933
172741
162102
190895
169666
203088
233505
273007
238243
221852
215831
237421
208016
218276
196165
222774
202407
210923
205753
220571
243904
218256
207296
223035
241108
249564
222504
220260
220049
234597
167291
224427
214178
234947
164987
220901
177450
238804
214749
262068
245747
236469
260464
285361
223686
237983
221252
237572
275002
237452
232211
245416
289158
241930
276304
159166
191155
153225
156401
132216
119622
131295
147724
134751
128950
125884
123781
125464
146232
121737
123039
117899
120544
120694
125804
127727
150089
130463
127016
127207
126926
126605
185485
131063
184934
125043
178452
116918
205472
124522
179474
121446
186567
121757
200744
127537
176559
116136
174835
118200
215190
120253
182881
116266
173793
117048
259082
126575
198529
124983
176238
133739
187559
118020
179374
117739
180235
133788
193941
114533
177159
115415
172431
128709
189763
115065
176869
115555
173743
129581
182209
113511
183411
115836
174274
115164
185385
124591
176458
119822
186347
113832
208007
122929
171880
120384
177660
131996
194822
116236
178061
118841
174404
134571
194411
214749
183772
182650
208688
189322
194642
185304
186056
206604
194081
186267
181368
183061
202336
195815
194913
203559
213366
204691
193480
192548
192058
215841
200182
203909
200173
203348
227974
196074
197207
191937
226582
203007
212055
193820
193681
245036
220620
197668
190113
204300
215681
196345
199811
212065
205422
195333
201435
199962
224818
202066
188651
190013
189482
207706
191767
200844
225329
214429
200633
195714
189873
634440
141273
234967
133819
190595
235969
236430
225259
258510
258481
244115
210351
259843
220330
251818
214940
228766
261997
205242
209530
200803
222323
195183
213356
204991
221772
199181
221853
208547
228365
195043
214970
189102
225800
205051
210512
198460
244154
199812
218045
193701
211303
203479
212515
192869
228796
211744
226201
192067
209119
219418
231311
232843
242852
244926
238263
197207
220660
199631
223286
203248
224417
194041
248102
202607
238784
204119
234757
200453
228645
193640
248983
196195
214389
200273
217885
200503
225059
193139
213367
213557
227723
201755
219098
199672
234937
194281
215651
192107
198769
209209
222794
193359
257218
194572
219188
189733
220029
206784
234226
194031
222413
219699
222805
195404
212205
221372
241599
227443
238864
228004
221542
201986
235328
208438
264862
193059
256076
174033
260395
244135
232363
219558
228485
215761
225539
203038
237161
210832
217525
221983
233214
215982
214979
203920
229326
209690
212846
209329
234035
212896
215471
202727
208898
220601
224077
208067
224508
228756
226241
200573
212596
214048
222655
215321
222443
203939
241960
204370
213938
198069
237482
214929
224067
208989
266816
211984
213377
203188
215351
217685
221873
201805
223566
220540
223796
203368
230920
225559
234536
205493
218908
215401
226942
245717
202436
233454
228646
252249
185435
235078
126866
181097
126876
165347
109173
190794
111807
183681
134170
184523
111658
181858
115805
185645
113562
182530
113271
200604
119181
186767
117989
231140
114663
139059
196876
118781
190043
116637
186938
528032
160648
216844
142215
208468
130273
185285
133489
190164
147003
220139
137196
203979
125744
228245
123730
221582
116306
206725
121806
198980
126095
197026
118931
179524
118721
174454
116497
180696
115445
183412
125072
208658
129932
180225
118280
178592
128799
227493
126886
200904
148376
184573
143207
189813
174164
197577
127087
224447
209039
133278
204490
129651
197968
159878
151672
145381
145901
141453
141393
145160
142004
145241
143867
148216
147925
161951
148436
146011
163895
134440
219228
136454
163314
114723
179324
104805
220981
135312
142586
115955
123369
105616
111738
105656
109663
118971
173723
130423
141894
121205
128359
143647
133619
138888
129231
135883
171509
126345
153556
131335
133618
199471
127758
215401
133839
198900
140902
198259
125463
205702
185255
193079
189622
185465
203519
188340
186737
194703
206995
193570
188691
184754
184373
200462
228234
198259
193269
190614
201074
194842
185675
188922
185795
215541
199341
191656
188681
211293
197618
184413
183642
192939
220209
200082
218436
186487
187368
204771
208768
194331
197057
175426
176709
167873
169194
166180
165789
229096
180556
178222
179704
180215
198880
169345
166991
174555
174093
190745
173733
169906
169135
200112
182619
181047
176708
179374
168263
183501
177881
176208
169345
176569
192578
190174
176178
170276
171639
174685
188030
183952
179413
173543
171589
167421
179454
183872
173373
187178
200704
226241
245737
246439
230148
243713
205933
199351
208979
139509
223726
279650
164335
147625
95878
98163
82985
101890
102180
88705
79257
112669
302763
159677
94656
168964
110335
253020
145441
166260
132757
155129
119732
175387
133989
165648
140451
159407
140081
160328
149168
178892
130132
165398
126045
163654
156040
162202
125924
167351
122087
164436
123831
175537
132125
161090
128509
168433
125062
186327
134711
160539
133789
163835
125824
170617
134220
166960
131254
164626
134661
163424
142676
173122
129211
163835
124983
161601
138688
167512
127457
170216
123981
164195
124381
183511
135212
166650
127798
168072
125734
184322
134179
159717
139329
163374
124211
168013
155790
164597
128519
163784
131885
161069
139760
170667
125874
169826
128619
167521
129381
170718
138328
130543
203839
125013
138688
146232
134320
232062
214900
213296
213908
231752
202567
225890
205923
189091
167150
185976
173082
202647
172391
157703
169184
112289
158435
112690
180586
107840
186637
108933
168433
126044
155729
84096
142194
78236
122458
76231
122537
82904
126275
78917
126385
89497
141544
100877
131955
98524
150089
103974
139740
99475
139730
99224
130102
100377
140151
108752
138437
91139
131985
101780
133709
115665
142795
106528
149809
102971
134219
101960
132527
111237
134540
106969
138338
100607
132697
102079
130533
100657
133789
108311
111938
102260
105587
102180
105787
111116
108061
103783
107911
118510
116927
108963
113511
117378
119092
112008
114873
109524
111507
107950
111647
116537
115565
111177
118300
107930
111868
107931
112780
109504
126154
112459
118110
108442
166680
96269
154427
113661
159437
102762
205432
103463
187528
133719
199090
127708
198720
114884
210221
134581
343388
139549
138638
163904
242521
140792
202016
120064
195724
133889
183361
189963
190615
181909
205793
177730
182981
182309
209309
205251
194341
197367
184052
183311
125613
160027
97080
149568
84568
158195
99354
149458
105556
161190
98773
147144
119803
112579
93725
105907
91770
100397
87422
98032
86491
102100
89948
97722
118250
118250
115475
106738
121687
107390
118751
103703
130132
110706
120234
103553
123469
105867
114974
104415
132787
109453
119342
104975
116095
105016
117548
107389
135312
107250
101429
103102
93303
108522
102350
102591
94666
120765
95347
103994
94767
104284
120113
158204
102751
115104
100306
97432
93685
112379
97321
104485
95447
108612
121155
125974
107270
111657
128439
108843
107159
108411
114703
115495
108332
115074
105687
104394
90648
102370
93995
112349
95728
102110
93064
101389
91751
100127
93955
104014
91340
114583
93695
100717
91230
100016
94366
104294
91060
102119
99875
102501
92021
98333
95197
110255
103673
102490
96279
103342
100086
96420
87402
82794
85269
76623
92712
79949
83245
75410
96580
92532
87102
77995
83706
80630
102150
92682
99085
82453
108933
95718
106097
95478
102791
164536
103742
150390
119322
160348
107700
200853
122247
182209
127347
210772
125163
120795
198910
117478
219408
124672
207085
120414
179123
121095
203589
118841
178031
119201
177831
117709
196074
122278
185094
121797
179694
120083
230088
122137
178622
123089
192368
114212
182469
115485
173864
119242
176197
116356
201675
141413
210902
129511
216163
522482
177981
169005
186997
259442
148476
241439
150079
242331
214139
210121
223035
229477
221513
219368
220530
217405
241480
224838
231200
225640
231531
235498
226060
222955
222534
222895
219689
201695
209910
199471
168283
166480
176669
168884
176659
159376
166119
153936
156471
189202
166680
160008
167191
180997
213056
210541
188029
166690
154787
183221
182981
171449
147895
153115
155620
172851
144629
152203
189953
203288
218276
195083
176158
187489
173283
206344
188030
207666
175987
191286
188911
177390
173552
185475
175757
191005
181948
187569
173062
185485
255335
225469
244085
196806
277346
226632
224187
155058
163705
132646
142665
149738
144339
149748
142825
168824
150810
156711
142746
152073
138919
161390
142766
153856
154057
155288
153094
176017
183882
155349
157553
145099
157282
161109
157253
147585
159427
152003
151792
162842
160559
146663
154107
153826
155229
178252
158545
160839
165418
150881
158535
164787
158865
159066
167141
150049
159377
169425
160910
164597
151722
185715
161831
167321
166169
147234
144328
143738
147505
168203
142345
140732
120284
140321
111016
124612
124281
168974
140150
136814
145201
150830
143717
150460
134070
151833
135352
146081
138538
173373
165057
167963
155129
170838
156672
172220
173643
157843
172861
182700
194321
172762
190334
168544
176177
183381
175847
159978
168523
164797
180095
167321
183621
167682
171209
161461
178973
182219
171329
173312
178622
181036
164256
169435
159788
162332
184172
163083
180777
158806
179383
158284
198590
174103
169496
159176
181788
183832
192578
160689
168373
173804
316229
298595
166770
142264
170277
172451
153686
136084
132777
88715
129321
85188
147585
137526
156271
121476
157563
128259
213307
140371
189252
136534
190164
235157
193881
201855
190124
181297
178582
159867
200423
133037
194512
132316
221222
205422
177811
202627
196346
221542
183331
193881
176999
215140
176328
196405
172471
194291
207286
194632
178973
199892
177430
218066
183621
194412
181998
195153
192138
194602
200113
163975
171990
171389
154918
154247
99776
173693
93204
166580
89957
145540
85208
142385
85749
147885
89687
164947
89647
144409
95828
140221
83886
144749
88264
162081
87523
142194
86641
140571
85268
147665
88876
169235
89887
145100
86411
140301
84798
149027
92151
181107
95838
150850
92713
151652
92903
151482
118320
137065
97130
150460
91961
146032
109043
150650
127277
152533
107470
128589
90448
144509
90699
170988
97000
151301
95868
142245
91981
143397
92071
167421
105676
147314
94856
228525
204560
216122
205472
248162
206775
247651
234035
205092
214479
269461
213868
187589
209981
206834
209009
192969
201715
192828
218917
215171
209210
200092
221011
203198
229356
195443
199271
229717
234045
199962
205943
217705
203508
197147
203509
222253
227183
220310
210251
174885
203709
176318
178131
174304
182750
185294
185214
169034
179775
166379
204340
186216
184323
169706
177630
181348
180156
172671
183762
176558
197788
173202
185205
170116
214439
175827
189001
178803
187389
166800
195654
179825
179083
166580
180676
175156
205503
173944
179714
167592
178201
186307
181798
180596
201454
187860
405124
225580
182670
163775
192809
134641
170026
121375
160258
116677
178632
124191
164476
135242
159497
134049
173512
143968
162903
138467
156652
145100
178292
125413
173643
139689
170147
140702
180746
141152
156551
120253
157333
128369
177840
126265
167612
133638
179073
120805
163204
206223
257900
220700
221492
197797
210622
187649
208007
197627
220531
191947
216132
199030
254964
178983
208618
191076
200683
198328
181628
197517
217996
222774
217976
191165
219448
201474
214329
200383
183641
188600
208808
176859
194231
166720
181277
195013
187348
191066
183091
183111
246438
196345
180827
176669
175867
231290
215541
191025
205302
209459
186026
179875
177761
188400
231220
182749
220360
189292
204491
188601
184122
189783
186196
202316
212455
191516
203128
195564
227613
180025
179534
168373
176439
183822
209419
232402
206224
258982
239996
221242
252610
226181
240918
250035
240037
231150
244535
208448
286432
267287
270403
282846
312972
228154
203278
180606
262177
170938
157964
170758
178893
170958
203148
166880
162803
167331
165498
192518
167141
168273
167782
168323
152754
166650
157603
173824
157964
216893
245928
179684
187770
169595
171940
201104
165057
119913
199611
115144
199792
114944
177670
110846
175416
157703
186708
174665
164406
165698
162091
145952
176007
210231
181778
179534
187750
198539
167852
190224
203479
197357
184714
194382
203959
187689
179715
203258
206605
186947
189322
186748
193400
177169
186466
197337
237963
217034
213827
208879
138758
286402
139059
187669
140661
214529
144699
218486
123820
188060
111307
122769
123149
220801
196936
142295
109954
123039
146883
127637
122959
119352
125333
130102
124552
120053
128840
117018
135662
117919
129240
130022
123691
122037
101188
127727
111046
109444
111327
130753
103132
134992
102611
116828
93043
155429
83055
161861
76312
191817
98773
164496
80841
190805
112670
190485
132867
192518
108642
191406
109754
193360
132687
194351
118921
209018
118872
216874
145320
205322
118190
197067
114483
220961
129681
200723
119532
206534
117338
217865
127077
189854
110546
189933
118029
196035
112489
189392
109424
186277
107801
203308
109674
188701
105987
182900
106789
200613
115595
171699
152093
171780
151913
184042
165558
164236
158785
163083
173924
170046
154377
163935
154267
164025
183551
166390
155278
167742
152915
164075
178421
176428
165197
166920
165358
193279
166360
167702
184223
174765
177761
175407
159035
175637
153205
171389
168483
169225
163454
165638
154678
170407
169475
172411
159146
167181
163664
180506
160098
173954
154998
170828
173483
193089
170027
180445
157523
183701
167241
175366
154567
167872
166109
165628
179584
174966
154448
178713
152323
172070
164015
176828
167572
179003
154628
190133
158655
172151
169956
166830
156160
187489
157453
170818
153365
187409
176448
177370
154157
177380
153616
156621
161090
166359
152684
162222
144859
160488
151221
162762
144849
169726
146283
163634
141663
171800
184844
171730
156371
182219
153676
161871
147064
167882
144539
182730
158605
158275
147975
160278
151832
175937
157613
156321
152213
154718
143918
175205
173793
163705
146412
156922
152443
173092
151362
305307
375709
175697
191006
180546
207897
213287
193961
190324
186246
173653
160158
160569
174896
149838
158685
147634
153957
161691
161881
155249
162923
147925
158084
164225
158646
159296
157052
146763
162553
155228
161060
151371
156230
151372
164396
158094
163845
150780
157894
147194
161340
157363
155830
151151
163774
148427
163283
149668
157393
152544
158305
148446
162182
149799
159787
146983
157733
150109
154547
159647
165748
146532
159106
148836
157243
180215
168414
150881
168624
159617
190895
150951
175036
185435
161911
131345
116146
131445
88014
127607
85439
131635
86601
130673
115605
137346
86621
129231
87804
115625
95237
163273
99024
149639
87272
147785
84748
150700
90048
145861
109042
149087
84988
142254
83816
146953
83796
146112
95318
146182
85939
145621
83917
144148
83666
143597
87112
146242
85559
148045
85429
144669
83014
141583
88094
154748
92462
142315
83596
144939
86100
145491
87382
152774
86100
138728
85418
143627
81552
142856
87483
152714
85269
141363
82734
143917
83585
144098
86030
161511
86511
146863
83365
141603
82373
140381
85819
169105
85729
153896
84828
142746
86410
137777
85689
165367
86871
148335
95628
141403
83846
142235
86641
160409
83065
142114
84147
144569
83095
137996
88645
165398
94215
145300
88534
143137
81441
140923
86471
162232
84577
141583
98243
144629
84468
160859
163053
150470
157082
152113
153856
152974
155860
161099
184644
147304
153054
145861
165888
155309
156360
145250
155018
147114
165688
162423
164887
151602
167120
153586
162031
153616
367453
339782
170808
107670
197217
118380
192868
245977
286713
262910
238023
243112
259222
289579
316339
289398
295429
287465
290330
292254
278688
315207
286292
214720
233284
216773
210401
174955
182670
205813
213677
180486
194441
181327
203519
192548
199711
198690
203659
201775
202317
190785
198189
199090
199922
192288
195774
194892
216292
190314
185395
163414
204390
154016
206464
133508
220380
166609
215411
137516
201585
130582
202436
149008
216733
197007
184263
153857
246799
142585
235268
152514
182149
186406
163184
161230
158304
158054
158304
166480
173022
154928
160478
152112
161300
157763
159226
154588
169816
154047
171950
154537
159747
153696
158205
150590
177370
159507
163273
157994
168864
156622
171900
157012
163795
159407
161601
155619
172260
153807
157844
152674
163163
158545
199601
154026
162322
151111
163845
152604
169034
155218
158314
154508
170787
164586
165638
155188
160949
158946
161540
171349
170487
155670
156752
153055
168343
170236
163344
156270
158665
155630
157773
169375
169235
153726
162513
149278
155750
162642
154538
153285
191276
156832
175977
157443
160298
154106
156131
158404
173734
167050
158114
149128
158264
147304
173202
156602
160879
152664
189573
154327
175757
158034
158675
153986
161089
157062
162713
156120
157904
151953
160249
151522
162272
159327
155900
153425
155940
152674
173192
154778
159958
153235
161942
157513
176859
153355
184413
151702
160459
169025
168774
158815
159206
152063
158204
163254
164045
159827
170337
150179
158915
168774
156992
156401
156040
157042
160438
169445
159196
150370
154628
148617
157413
355501
165908
101259
176688
109875
186207
94376
149688
86481
149208
92101
144178
86781
170507
88244
148606
89326
168394
165077
140762
119772
145270
106668
138508
105597
140120
111146
201725
168394
155900
161099
172400
155679
181638
159937
174905
158275
179003
177210
183261
163444
174785
160829
180236
184293
201876
163554
180065
160829
200513
175296
187639
165127
180836
182680
199591
176969
206173
180356
214649
173032
188872
148767
187629
191617
199411
181718
183251
151282
197267
187228
180536
184363
117088
187589
123871
184393
107801
182249
103693
199051
121576
195734
107811
182239
110165
162372
110536
155990
110145
157413
104685
163183
100156
165167
110505
164085
102681
158895
102761
151261
97050
161671
106729
148015
101949
153195
100868
145531
123721
159817
102481
162974
102701
158545
100407
170607
112129
158014
104685
162923
106628
172701
103192
154567
129811
164807
103683
160639
111898
164916
103162
156281
104654
152934
102982
163935
110075
162893
106969
151051
105246
154397
108782
167862
110285
164917
109895
162082
108362
175546
110575
156281
103412
159146
103703
158685
117498
159456
105176
156130
103823
156711
102701
175046
107429
149508
104294
163384
110736
168434
129682
166600
111307
166059
115795
165618
108792
184483
113761
168804
106709
158666
109874
186066
113641
167461
108021
164456
108973
158615
125323
171199
110245
165789
109574
160719
114563
168794
112199
156100
106098
166720
105807
178012
110966
161841
108341
156421
140822
164867
133488
204761
111708
176077
116176
172701
174405
176398
103793
327089
428578
120504
188610
100818
177139
102531
174374
101188
148316
98042
143086
96930
155720
128699
160769
94446
150930
113952
153586
89977
173573
95969
161921
89927
152534
93564
149287
87233
163975
92672
149709
87442
142996
86621
149338
86752
175266
92362
143567
88044
151982
86120
140271
85629
174725
87493
144309
89687
145781
89307
151001
89165
157684
92432
142405
90038
156742
88414
141022
111908
172831
163935
158996
175957
160989
188400
167401
172631
170377
166239
180365
208277
181467
174574
173703
210211
188501
171148
170607
182870
184222
184222
183942
179394
177090
172150
178252
185405
169666
181778
172450
179895
155800
205702
171980
183101
188270
200923
148557
176719
172922
205653
176759
181217
168763
174455
183101
181698
181567
184553
167131
192418
171389
183170
169906
175286
172361
203358
178291
182169
164917
179224
166470
181016
171759
167482
167913
198860
174555
182198
169836
183091
196255
176458
177520
183091
173703
188811
180496
187989
185595
191156
189192
184072
181267
185324
178301
206103
165137
197237
178892
191867
192779
193159
185886
190214
216393
195083
193119
198870
185515
195403
174846
197347
187098
182289
185826
218477
192548
199812
185205
245426
213717
206494
197858
204801
209760
201174
192117
199451
212395
210341
204461
210942
194522
202957
181257
207726
179884
229006
205322
218426
202487
213206
222443
217645
184563
218156
228445
221412
207045
213747
221022
231380
190815
223907
206183
222193
220580
215111
230649
269171
248782
231019
229807
258220
231851
267688
241850
224418
225269
216212
236029
226201
539594
324273
312722
272006
260154
259062
234356
242992
252039
278177
240016
106307
146733
117038
156682
92792
164617
92822
144358
92973
163705
98333
143177
90669
145340
93624
146683
92162
163534
98003
142055
92141
215701
188170
258490
199401
232703
186247
246568
232042
235779
252440
260565
263099
239575
228025
243873
290000
234386
284991
250726
258942
236289
278217
238924
268739
296251
294137
228605
254073
247420
245206
230579
276153
231180
247721
227754
235768
188751
234586
182970
230469
202897
216693
181628
205201
200684
219419
193319
196055
187368
226431
189021
194642
184162
192568
221101
248683
184132
193961
203839
215961
182630
191436
192488
216473
188931
207195
188511
215922
211934
213277
191326
220791
196897
212666
187318
189042
196997
209850
198339
197768
186787
211914
221181
219879
183181
227573
194743
227664
187879
193950
214279
213877
184223
193810
167081
232623
184183
225870
190685
227814
184383
192308
189021
196145
201124
215832
187058
213346
195935
212445
194792
197788
190815
206424
189362
241799
185735
191717
206183
200683
188220
216122
196205
220470
182159
191496
194241
228785
191015
202216
186787
205141
193230
189523
190705
194221
209129
211353
183992
211003
180054
203729
195664
195965
188210
186517
208949
219558
180385
204641
270333
232833
228515
195924
217905
197297
203158
191346
191365
184313
171659
172531
165969
163674
168493
165648
175336
170988
168694
165327
181056
165297
167632
162002
176719
191837
176368
173183
171379
171299
184743
172981
198019
192658
176959
181427
178883
173673
173944
171570
422446
244705
163103
135592
136835
151802
135121
134891
144679
137345
132627
133568
152123
131816
134491
135793
193149
230439
228385
211454
215171
197538
206494
202116
201976
232813
217334
197357
191135
202396
188761
214930
204340
200283
198780
203369
197357
199471
191386
196225
220330
208628
189913
218707
245656
243473
291974
235788
266946
226442
167401
168203
169345
155750
166610
162903
169516
168684
181247
171459
162622
165888
160178
175476
191426
172761
170367
168884
168093
183321
174194
174786
176348
168053
184383
182630
172411
173343
173673
181096
188541
172821
172230
172250
171199
165247
175056
167372
174955
168764
197909
176679
171389
169876
166400
184323
184503
181037
176047
173442
173193
188941
173733
180225
177551
173753
161481
177179
181377
170357
179965
198098
178763
176758
177139
172681
202647
206004
176889
187128
173663
193450
175887
172271
179624
192267
195083
189742
171569
177490
192037
189102
182329
169796
171780
180465
177441
187950
174254
181357
181548
180987
186578
172571
166931
166680
169846
162703
184563
167121
169195
172591
186887
177660
167481
161911
169705
169776
174605
174174
169155
164626
187268
182409
171369
164195
169745
168974
183662
167010
165528
169255
172410
162252
197337
171860
169546
163815
168173
187319
182679
166730
168504
171248
185285
179333
169576
160799
169675
166490
183231
175938
167031
177521
208718
185455
157713
159577
149347
141603
149748
152534
160288
136083
149878
171579
149899
169064
150661
158905
153776
142515
150951
153346
166409
138718
155449
204370
249804
243663
237853
224829
237702
243002
216764
537389
293095
296131
231931
251758
266075
239756
309365
251117
197858
219950
232172
200232
162262
157022
159006
160308
136644
154337
123429
189283
116226
173222
132166
191677
237181
217184
230769
221091
217595
191266
212525
209059
226171
188040
217094
222364
243263
194271
260334
210632
222865
191847
214349
197086
220810
194732
206304
190204
227222
212355
215881
213216
221552
214299
212775
210832
214068
211383
246388
211393
232783
235718
220270
246959
261326
271175
246438
238273
240026
232283
216413
219649
226902
233415
231130
242270
245317
224377
216914
224247
254473
239275
200322
227063
245076
229247
215371
220821
245817
234806
216663
223776
234756
208938
233735
223355
256537
213648
229597
246027
286883
196025
235759
243854
269381
319203
282846
306981
250486
246148
207436
255826
213918
232733
193219
234827
190975
225720
168142
235658
166239
210491
136384
164225
131815
174365
194512
188591
135753
152293
137155
138788
163123
144328
161891
158044
165638
167872
158194
151792
160399
148596
159607
149749
169475
197979
169025
156421
189983
165067
169625
163795
178452
158294
190574
164276
168714
156692
166950
178362
180145
194412
173012
155299
172601
194391
174665
170487
172080
166831
185856
166048
168543
156832
170848
167201
193479
169485
175466
157944
165868
170527
171329
167722
169856
154949
168764
180756
173433
161240
170647
163053
195443
164506
170618
160378
171449
157203
185886
167441
176699
163284
166190
175506
177851
160359
175075
165838
176869
160148
174655
160428
168293
166420
177931
171930
179163
158555
174885
158175
188581
167521
437053
166189
148105
205663
183281
162592
169025
191717
166560
154197
162522
160128
166490
166449
165528
165889
162211
150160
153525
167011
180316
149127
161460
149639
158144
172731
155830
147915
157924
150750
159937
173994
154848
147475
157984
148867
155810
173984
158645
147043
155219
142515
154998
182760
159577
151572
158815
147004
157503
142545
159587
146533
166149
160829
156872
160429
157853
144930
156591
146402
158174
167471
164626
146483
155349
141153
158054
162822
157734
151401
158855
151862
191526
201846
116266
177740
107971
107480
169595
120814
176719
111046
173182
109865
170548
109203
198800
111437
182339
113441
177410
133970
194221
108663
187649
120394
165958
183010
202006
108132
182520
106858
186176
101339
118490
179965
115806
174114
111397
195103
120144
191085
112839
188741
109664
179133
123240
183281
110847
185626
109804
190013
124551
173803
111748
183822
114052
178422
126515
196255
117158
201194
134149
181868
136083
187619
167452
156441
160458
159507
161580
154377
157623
159336
134991
194922
123720
185605
119463
191076
119152
204471
122197
187248
119292
181899
120364
209840
129120
180666
120955
185826
122998
198098
127848
180666
120554
180836
118982
210602
124922
182470
120184
183351
118741
216903
126405
190865
120294
184914
139900
192208
124000
184673
119743
190835
132416
190385
131485
184223
119663
181197
132476
189273
161510
160118
158335
150560
158334
151902
154878
148196
162002
157112
180546
155870
161961
154868
125443
198910
126224
187880
130623
166360
93133
160148
101759
179624
94616
163424
337968
208097
146873
139780
132366
114983
137566
127678
135682
123790
200382
112690
167402
112199
196876
115856
107119
184974
106057
174715
154527
108773
103473
123069
99596
102971
99675
104775
113061
103723
98424
124261
168814
155439
158094
164857
159697
144027
142765
163194
147374
157914
178783
150149
158084
147955
163123
191336
177690
170197
177079
147334
136164
166650
138567
148046
136334
146362
140481
167411
143207
150841
153215
145681
142314
157112
138879
152233
142385
147264
136925
144809
149117
149539
131565
152584
135141
149007
146963
149879
132536
148035
136474
152323
136204
145431
152203
146823
142846
146102
141914
165698
147895
148636
147214
148727
183080
157713
177069
154197
182840
140872
176588
162222
178912
145581
124402
158575
116417
174024
109985
155820
103102
156130
101378
163354
115515
159076
113190
152303
111247
152854
110475
190534
120484
156321
113411
154518
115424
152994
121636
162422
116246
154046
112129
152263
119792
165508
102450
169947
97141
157342
96209
174955
118550
176398
164146
156291
150259
161049
145431
145170
144118
143166
149999
147044
156812
153335
147414
145430
147665
143307
158716
151943
146954
148396
163564
151011
161280
146653
148336
148366
149047
155009
151702
150460
146873
139980
148075
149187
143237
158965
152163
148396
146072
147985
148366
164706
144940
145831
149648
149569
150349
153075
155960
147845
149628
144408
146042
146513
162071
145391
150430
147084
145561
146783
161761
174645
144739
146733
145551
149679
157733
146182
143917
140983
142805
145781
164627
157233
149879
144378
396408
178262
174224
173653
153205
152354
150961
168763
158104
154758
157574
173142
138458
162983
150870
151211
143777
154798
135001
172962
153275
151051
148957
143888
148426
157062
153776
152253
151151
146533
143878
159346
154027
146402
147494
158024
134039
148566
164376
153095
150460
146794
149398
157142
143788
156801
147264
150230
149287
153055
164366
173794
136244
151371
135111
148326
161991
153786
126175
154207
144007
146904
147014
167972
158144
157463
153225
152734
157282
171549
152293
153345
149347
153175
145731
176999
161991
144368
151132
148667
144649
163945
152043
151622
157544
151121
157052
163635
132696
149058
126325
153445
149468
154818
159897
144129
149658
145741
150269
151892
161932
166560
146523
152564
151462
146954
151071
153305
132827
154627
124853
159176
146012
148567
145801
157764
126345
161711
141313
158995
155429
153005
154898
159247
169585
156952
153415
149648
153555
151071
134570
164646
124953
147203
143838
145751
143878
170747
156010
151201
153876
147194
144118
157292
150480
145601
145100
149798
152263
154187
133678
151261
126645
220811
144850
160158
169094
149318
147223
153526
124873
158054
152754
161320
146122
155218
127156
154438
144379
156922
145110
148256
144869
145972
159657
157273
131344
154828
136645
162964
164015
159046
164075
155479
125643
154838
126845
178422
134060
152904
148867
148536
150030
164196
133508
151863
149407
149208
147555
161410
152684
157704
146181
151171
150160
155520
136414
148927
144689
149138
144238
151051
152133
155129
123189
152794
145321
154358
138778
163284
126145
156791
388683
244715
155509
132176
171700
120353
154368
136303
101479
161110
95798
148697
95488
140110
94576
159637
92762
137506
103703
171259
122268
177010
111628
166419
106098
164005
107420
174144
122338
171138
107570
166620
107169
164286
108762
177670
113571
164546
108782
162272
108502
187007
109724
173973
107199
164566
107950
171579
110275
166390
109484
170357
108962
164766
122808
172782
106859
165388
107490
172240
122658
174475
116687
165668
108501
164506
109584
184974
114683
165277
119603
165428
123530
183051
114593
172181
109022
163374
108512
196716
109513
170718
109003
167732
108061
181066
131084
170487
109072
164597
115474
170727
119953
167031
110356
163224
107019
162152
110836
203799
110236
171058
108181
165057
107239
181277
109474
174374
107971
165628
106118
174014
110987
165097
106478
170818
107951
163514
111878
166259
112980
166269
108462
170327
114813
184773
111407
166350
110185
165498
107290
186907
124972
165929
105786
170637
109404
175046
109794
174494
112679
164747
115434
164155
115786
166900
113080
177100
116176
172811
121656
169585
108292
166249
112389
176959
109514
180415
111127
165428
108451
162973
111187
185595
110104
163364
107129
161841
108081
173302
110997
174144
107029
163915
107319
164165
115946
165548
116236
192007
111287
167602
111357
197918
107830
163884
108612
169455
109083
165878
109694
163985
109564
170287
108191
181798
109844
166931
113361
164997
113050
162452
121847
176098
108191
164646
108031
163905
120024
175296
109514
168914
108281
175085
110335
173944
110826
164205
109824
170057
106598
177851
253842
185255
121416
149238
137336
226091
117298
173964
115625
168473
112769
172321
117078
195944
116366
188761
113631
232563
207225
237261
198860
236700
201294
210131
199782
228755
211153
209860
203949
238463
204801
217885
199311
214329
226732
213277
205332
208357
209309
216233
201545
214339
207345
220159
208057
225209
202687
235027
207345
259533
212726
226241
206544
211213
201545
228736
221291
221592
206133
208097
216333
210652
192578
206444
185796
215651
202617
194542
194412
207456
187098
191807
176939
180917
203478
196145
180827
185766
163725
179725
176428
204550
188330
177610
158104
188120
132967
168814
153896
184493
181527
175697
166990
168373
147244
157192
157102
163143
156200
157142
152694
160459
157322
161250
146072
158214
152093
154888
161911
159356
147014
156722
145119
154888
164185
160048
148927
156612
143517
173152
166350
159617
155058
154747
146583
157753
165037
158444
144379
170347
152563
158885
158184
158485
144348
158575
144278
169265
169125
178863
148226
159106
147334
156121
159065
161200
154307
158555
146142
155640
160949
158494
145049
154838
151221
155740
159436
170307
145020
156181
144970
160859
170668
166570
145992
156611
144348
160509
162693
164276
152684
154518
145240
159347
162182
169966
144178
160669
150459
163564
157964
161771
143026
161260
149138
158434
145050
159747
144499
166530
145009
159997
161341
158776
165438
155960
147053
156281
160478
157072
145481
155319
150350
153796
168293
161650
146192
157703
145411
157343
170266
161009
146753
166349
142825
154858
160368
162171
152244
156591
145511
154978
398962
159427
114323
162613
101559
174946
103041
163094
93945
153656
93884
153666
97512
158245
95177
153866
96510
191056
252750
233694
224607
207376
208658
213608
213817
225930
220841
219819
216854
207416
221151
222514
215120
209390
220711
251357
218546
210542
211232
204620
228164
218086
218717
207406
232523
211433
209580
212395
227333
218897
216693
210972
223336
211444
212776
208067
210862
234536
221622
210451
210692
226551
210562
208027
212485
232723
222033
214178
210782
229326
212175
212455
206524
217745
208618
237832
207366
206595
231089
215982
210231
216844
227123
215621
212745
207646
204721
250275
212786
218867
216452
229667
212315
205783
209529
222634
215090
217224
223456
224077
216303
218907
207717
208198
205883
220891
218126
211413
220179
212345
208838
207876
220911
221713
216873
213988
209099
207696
214629
207827
204731
234527
229457
212876
213247
229486
214078
214119
210101
228625
221432
213427
210562
217996
213727
236269
212656
218827
249344
215891
211944
210352
227774
208317
215280
216232
236039
218927
227463
215380
239415
214178
221091
258270
249504
221973
213507
231821
304576
214369
243813
214138
267026
234075
215771
209850
216903
206715
199331
207586
230609
230749
198750
217915
197818
231981
242120
262128
268881
257930
242040
251618
276785
248703
250446
257068
270803
258481
247080
265143
250185
249935
244785
277576
258561
255886
271966
256538
245727
251167
267117
261346
253992
250276
263590
270262
241198
257959
255405
187409
177790
176157
175797
168613
179144
168804
170287
186978
173403
168052
174344
379877
228746
231681
183972
179794
189422
162192
164546
153956
169506
181738
113902
182780
125744
204060
115144
199661
124973
202998
116186
202647
113010
222343
113932
194412
113762
195493
115615
220530
112339
124642
205763
124502
224076
123399
196305
143577
190925
129240
212294
129511
198559
126355
191315
197107
190554
175587
191987
173272
207656
179554
183211
180326
180466
193250
198410
180796
189823
179374
198409
199882
184503
181016
187799
184152
201375
181418
187078
177490
196225
183972
191246
177701
191446
182038
192468
180455
184633
178562
195584
177821
187429
172882
181357
172501
198288
182049
204300
180505
194923
184944
189773
178673
186046
178161
196105
180406
194321
173633
189022
178692
182539
179243
186668
176298
205613
193059
189713
177140
188460
188690
194071
176097
183852
183171
206293
179184
187329
174425
200363
193921
195313
182600
193150
180946
199551
182530
191757
174414
200113
178171
181879
178923
183381
190885
206404
177961
195644
176649
200403
184173
188461
170127
185495
169956
196896
170758
185465
154277
185576
215421
218456
187419
189413
192898
194121
180085
194762
174354
210591
188981
194171
171088
186486
176919
211513
168033
181067
165247
177440
168243
180736
162141
81301
139319
89166
170928
88625
152674
120865
180576
92231
163374
91130
194552
117999
161250
103883
186707
93584
157713
89366
140762
80800
134129
82253
156602
85129
132437
88455
143758
78115
137055
77404
152634
80670
134250
79548
145040
82323
138999
91780
136584
103632
152503
108642
140200
98793
133709
97792
177239
117107
307502
180155
163023
106017
150309
103121
143066
100266
134340
104134
154026
102912
141072
108341
152363
97352
162753
97541
173483
99845
161010
111958
162773
106167
158515
112419
143627
100407
155840
101348
167892
98683
171910
97200
158875
96570
159967
104384
162392
99866
176158
98413
157002
96590
151662
101158
141763
114262
160008
98082
154006
96559
157884
104535
182128
106929
160178
99164
163043
99685
160038
111167
147775
104204
157854
101518
154688
97832
171499
109033
162272
96279
154678
96269
151101
112108
157433
98874
160348
96440
154568
95688
165548
99054
153665
111958
167541
98453
155790
109513
144519
101118
161219
113151
171198
101599
169926
109614
158074
98523
151302
101409
140170
95337
145851
108642
152925
98934
159256
99655
164746
94185
158114
101138
156230
120134
152784
103041
180907
109864
163915
96148
153986
96400
153896
110796
192347
99044
156130
100627
157733
95598
164847
104855
164536
96039
158124
104034
153225
104394
160809
99896
165368
97471
158485
95628
170647
97271
159747
104003
167601
100137
160689
111027
162702
97902
155980
100497
163885
97492
175287
101228
155830
95859
153616
99866
143818
96860
138328
100487
156281
118691
156311
108612
171458
111167
170557
99775
153966
99295
154858
114092
158726
114383
157183
103532
163254
101198
180816
107069
162763
186096
172591
177951
187338
179715
167291
176799
172861
202707
172180
187369
165367
174264
184413
186878
174034
185725
166569
200452
169665
179134
166770
173693
174164
201475
169916
182088
165969
182910
189984
114773
352315
213858
203398
192188
181578
179234
162362
153355
157272
144970
153125
147715
144048
152243
167011
150349
149087
145050
145331
146002
161020
157533
143687
144239
148036
143296
158394
177911
151162
152604
144148
147815
153355
148827
148647
142696
147895
150500
144899
164806
149859
151542
144879
150360
142766
161691
146012
147725
151472
147134
143808
165538
145892
149679
157743
144719
148225
150640
145891
146102
145441
151251
161370
149498
171479
145771
143397
145842
149298
148987
159126
148887
150620
145260
148837
149698
156091
160459
144229
151051
150851
147705
149619
177049
169014
160829
155940
163324
169375
165368
150049
167942
168533
170618
187158
193209
164576
173442
163815
200372
182860
180546
174484
183281
186748
183821
171649
186598
179114
205092
194171
220520
185425
193940
214078
208558
195233
204451
213708
213767
190264
210232
189943
207115
196235
189232
202477
213396
173683
182229
165237
181668
161090
193720
172511
223576
229146
258982
216373
214158
233133
204220
210432
225219
200022
216853
216282
215791
197196
210863
217946
222153
200994
216963
213628
212295
200293
210642
207937
221462
204320
213217
191336
203940
203990
213076
202587
214028
183391
213036
196726
214108
205051
215541
194992
251127
193600
231370
207205
213858
197478
223476
199851
218647
194442
226341
206043
210121
195915
213106
216353
219678
196536
215501
217034
238534
199962
208428
191286
216482
201645
213938
205923
231300
204520
216392
191156
195814
200353
213618
206615
216423
230128
216693
196235
188972
209339
222715
206163
209660
192037
202076
531930
267468
231461
191416
207766
135121
169315
159587
147755
138477
149839
131285
151302
183431
166530
146222
166680
174915
180385
155960
183752
176088
179935
161159
202937
159436
184864
159507
190193
176378
177189
178683
172450
160168
188040
157252
190214
189883
182660
157222
190505
192528
185555
244415
234576
184894
203539
210101
195123
187379
206143
190334
244645
251397
222564
175206
205021
202647
210391
172480
213898
166921
222113
178642
215882
190073
218457
189312
217514
175647
234797
192759
212575
178822
198980
169015
227864
175757
203729
164255
203689
181859
207847
175206
215060
167762
223435
171939
202166
166490
221572
173713
211944
165097
202888
183592
210742
200162
203068
167341
245116
222143
236811
219930
248723
226021
232032
182620
164826
160028
157533
150039
156451
151231
152514
161881
168594
157734
159256
154217
166450
156050
163103
158605
167131
162403
176678
165628
162733
159857
161290
176157
177369
184293
137025
184153
151412
212946
127988
177359
123429
190825
114242
169154
118720
161390
114683
152894
172921
182309
177229
172551
178783
170577
184313
173092
170948
178132
171359
168193
167692
171068
167262
185946
167071
217364
172761
147014
168443
168383
185375
169155
169105
171810
169536
170217
181107
157734
175647
184213
173312
186637
172912
172892
167161
181738
187469
176188
170638
172601
165638
172060
155699
196275
174274
186497
172651
191376
167842
168533
162933
183472
187408
183060
168724
170187
165437
172611
190554
167281
175266
169095
168423
183963
168423
173803
163494
182670
177059
183151
170126
173322
165649
172000
165257
349751
246649
162663
184433
158324
151862
142365
152102
157623
175246
165117
152073
137716
149538
135673
164526
129701
157513
137877
148667
137566
156811
145600
152674
137926
152313
146232
148235
155419
157112
141003
153004
134961
157543
153064
150520
137245
151201
135863
161040
147604
157883
138839
155670
133529
151232
135211
163404
139620
153025
200032
237131
267888
242341
238073
280572
228254
231771
198680
211514
210912
208487
203769
249614
240607
248823
239485
241148
248633
235588
213708
232672
201024
241810
224598
234707
242591
232101
218466
238293
238293
242441
230679
241479
240818
232703
230740
236780
227113
224016
205061
219919
227994
236981
196926
225790
214158
230288
223846
217404
239355
218507
193359
207596
192078
242120
209650
211945
201434
223035
203619
215692
197858
220070
210150
213156
196115
210331
210512
194191
199081
583004
213187
216964
200833
252920
203528
221051
201504
233604
217555
216813
201555
214058
213407
197086
232101
227222
222724
214549
220781
211764
212456
231010
199862
219078
193860
229657
202186
214198
221822
210312
216783
185135
211263
176979
233775
184964
211774
184042
227994
190886
214269
175206
173643
105476
146844
100187
133668
76693
181608
106418
164586
113531
153585
103413
176849
99835
146973
97301
166951
104825
144359
95818
142265
97952
155980
106889
156521
100908
151502
101128
153185
102751
171769
106698
149918
103031
154648
104715
157423
105356
173884
111788
155089
107450
219929
247420
277086
212706
254163
227443
239275
233825
207636
227804
212065
207607
234637
212736
267197
194192
516831
347897
283057
278228
286483
270724
229187
206214
183962
185325
150881
147755
158655
184243
155369
175847
156141
182269
177030
157092
156240
169886
195304
264372
237201
253622
224868
257068
223686
149798
146653
152443
143407
164877
152644
148126
157333
145471
152434
153065
151281
144770
145400
146743
170707
155599
148776
146082
147054
152364
149108
160489
165157
149969
152123
144428
148366
169014
148176
150339
152824
146632
150810
160188
147444
152133
146242
147144
156611
148796
167321
148096
149939
158414
150480
147274
176489
148606
151532
147084
148827
150660
180035
150871
152624
144389
142755
141463
158124
152213
145270
144108
149848
142805
151101
147985
143778
144358
142766
143256
147344
166610
151031
144689
143908
146212
145541
207246
181567
188040
162813
164656
179294
180556
169525
144589
170748
165108
203829
170257
166249
169876
175606
184523
175436
163785
170687
164607
179835
174825
169085
166860
180606
164236
153786
168704
168324
171659
163083
177140
175987
168544
165678
164706
162863
187188
167441
167141
169916
163824
179985
169265
161391
175246
170286
166339
184483
165879
180927
165588
178972
183051
168915
162863
170968
163995
206724
168213
167762
174836
164306
164936
192197
174604
171689
150600
166550
170067
173493
137706
209239
190274
227373
244325
156481
191276
107721
150810
184694
173262
145751
171178
131575
158996
172030
162352
140551
162823
157323
166599
140571
167621
148446
168584
145270
170417
151211
182529
137356
174545
136384
182510
170357
178351
137546
183271
139289
172852
162492
178722
149257
163955
165598
190284
151953
371852
238173
161180
201164
106738
178992
99705
174735
98183
210752
116798
192699
101890
180937
100357
198499
154647
184163
136203
199702
146542
178743
127557
168664
129932
195544
140561
187288
127998
174044
123841
175577
146493
178001
127357
188190
132397
177300
134380
198178
153776
191246
130903
186627
185715
150620
147554
164827
156622
153666
197397
117569
172090
160279
170577
171990
168694
145180
164186
165578
158976
174154
165718
148366
164315
167982
158254
169625
164396
152534
176208
155900
193210
174414
160017
170187
171208
181788
187118
149518
177220
151442
212065
192658
199912
177330
191006
182569
122688
188190
103562
126976
110836
172421
132096
131965
113261
115054
190785
109383
186537
121757
168433
161891
200724
175106
209931
174294
178361
213747
177059
175035
201655
173112
188851
173463
193540
204060
193520
185736
188300
178973
222454
178912
187799
173372
208158
194301
195974
180315
183612
181047
198700
180576
190966
192118
119903
179474
107009
130222
110215
115746
110155
114433
127317
117759
116026
117228
112219
116436
100136
120705
126204
122107
116016
116086
112870
115885
112620
105496
139169
106108
124522
122067
123740
108241
137345
119803
133839
114032
181167
158806
151612
169766
168394
155609
172241
163614
169716
191336
173462
164326
165037
109433
181317
192818
97992
170346
85990
102000
91470
103002
86501
137385
92102
104584
80840
97241
88655
128449
85649
97642
103282
106619
96419
99044
97461
100056
95067
105687
126175
102501
100908
105536
123360
117488
167131
113611
167291
127467
169154
111908
206865
111106
300709
453884
92011
155009
79147
238133
121897
119933
192959
117308
183631
124552
190103
113782
189302
109143
196826
131925
187509
114523
187518
109834
185846
134490
189122
111727
180375
112599
188160
136063
189102
108862
198079
111858
186437
133148
185225
110856
181528
113090
191195
130453
188190
107940
186417
111216
186767
141984
194512
116156
181067
121576
178342
150350
185936
113901
194883
109263
236249
108712
179273
143517
212475
128829
240096
125103
214909
136144
211764
241068
202727
190955
209830
191496
196806
180315
191567
184674
199551
182840
197357
178001
188441
186867
190594
183041
189152
174545
203288
188020
186968
173944
183121
198189
185805
181417
195283
174295
201885
181688
196916
182450
184784
197487
192108
182880
185785
176869
205493
193199
184073
179975
191917
190234
194341
177059
186957
179264
202467
182259
190685
177059
195293
170337
188600
183161
186697
180726
206715
184934
196495
173633
191866
205682
189242
183181
211393
212295
197868
184774
186106
184564
192678
185064
192919
181227
190124
185766
197297
209520
186266
174725
208458
190825
187850
172671
182399
202607
193430
178973
209629
200653
182560
212726
210371
193420
216974
184573
204460
255385
193240
212785
251959
177971
207806
142715
199050
128369
196025
115695
175487
124151
169335
109644
173773
104534
173152
111678
180275
111889
164666
106949
165578
106608
176568
124110
162412
108883
159857
106759
163314
128639
168393
109153
164846
110426
164466
112950
171889
111878
169906
118601
171158
118330
183952
106278
159667
154307
147063
149408
161771
179023
149117
453203
219568
185636
172040
171299
160128
198098
190314
179985
215842
199140
197017
175997
184132
184713
192027
243333
225119
222013
216522
230318
210312
199331
187799
206284
214579
180926
166620
156491
155800
162352
168714
146343
161981
148205
161310
166270
173292
144198
160819
127026
148256
148907
160127
151933
147575
173032
150981
165578
159156
137947
148927
149688
151291
147514
156210
151472
149679
158996
148045
150971
155820
133428
151041
126716
148827
131835
161651
166239
152193
148366
149809
126285
154417
170537
146583
154367
123881
149979
122017
167020
152975
150140
148486
149187
127688
168453
134390
151743
173453
153094
128308
157924
156051
151833
152715
150059
124161
148396
144589
156791
126174
159436
145701
150490
140522
151342
125904
148787
123690
146673
122468
160849
150851
180496
153596
183191
169004
157663
135021
153897
131685
160639
153305
180065
152484
150460
127017
155609
124011
161891
131785
153305
125663
149959
123861
152143
141233
151753
126245
148586
124392
150280
132797
154698
150760
153646
127047
152303
127578
167592
152223
148516
146362
153906
128299
165998
133919
152083
154247
148767
128669
151692
164636
159446
147965
151441
153065
152614
160939
152874
129290
148596
127146
146362
144128
157503
125633
149237
126235
153756
127948
158455
155709
152564
128539
696806
130142
190584
223516
196385
174534
205843
220019
244955
209129
231220
197077
243864
173032
229517
180957
236771
175396
233034
176559
259733
177120
232232
172231
257108
181768
231901
177941
246820
159607
232683
172972
239535
192528
248923
175596
251407
192448
257028
406236
327880
291513
212275
301540
129411
171539
115926
150751
93775
158265
101439
132627
90949
148015
94466
144819
93194
152363
99885
153505
91921
145020
94687
145471
93785
153696
96589
151542
90818
143878
93695
147524
92603
171308
95127
147865
89928
145059
94005
143958
93213
173824
92001
147324
90669
144789
93544
145731
92041
170367
92912
146793
91360
144198
93874
146131
113060
158785
113972
150319
90559
145540
94315
156511
92502
156662
91490
146353
90509
144328
93704
159787
157303
106688
150670
93614
143037
94726
153175
98042
148016
95538
150620
97030
145851
95207
167461
134029
129230
168102
108753
150470
91691
131855
154006
106108
129832
106348
132717
104123
144328
111307
134119
106448
141904
101459
121015
101689
133498
108011
129992
103382
116888
102321
120474
101429
136654
113220
118481
104144
119914
105607
120354
104915
134280
111518
118801
104655
128610
111357
144188
128890
130883
113972
123980
110636
124241
109764
131154
134269
129862
109474
134180
129571
121957
110105
135653
114764
124201
113100
121957
107650
120354
108511
130944
111667
122698
104314
123670
106889
119853
109504
133358
113411
122288
103362
122748
106368
119732
113321
127016
107160
121346
104234
124372
106568
119553
119181
126385
106578
116937
130122
146603
130583
144479
119311
121426
108091
120204
104304
124532
104664
257760
110656
134169
191827
150780
209129
140601
176318
132527
174825
130883
221222
180996
186377
189382
180937
205022
192959
179273
232803
208598
254343
239435
230078
270683
265394
215541
624912
126535
180446
166460
183020
197668
176258
178001
159667
204641
190514
126024
158184
104384
167642
102070
166109
113921
168293
103763
169856
101959
160118
98473
185445
103443
164325
100757
167241
101058
166380
103663
164386
103112
162192
102641
164827
110114
164416
110966
163654
108722
162673
108922
184784
104444
163314
110495
160208
107830
158014
118831
166169
100758
161481
102241
158826
106388
174845
125414
169145
100176
162132
98162
172301
106498
166630
100768
160529
97742
155709
102190
158334
99335
153746
96930
163173
98684
168854
102080
151141
100527
167001
106899
165668
106789
164466
96670
161370
97982
156671
96950
180306
97120
155108
95066
155760
96650
178362
106097
169325
104584
158134
97622
167552
97912
167913
100857
159196
97432
161771
98473
158956
97662
173713
100907
165889
98603
160569
96389
171569
98373
157082
111518
162211
99605
156722
107821
174264
98984
166930
100016
166229
105646
183812
100167
157654
96760
155961
97050
159497
104715
159697
104314
155890
97351
157102
98804
172451
101839
160879
100316
157423
96319
155469
97451
171158
99195
155670
97080
157342
100847
165628
100497
166069
97531
158635
99344
161691
104885
171689
102120
167201
99695
161690
98013
180325
99835
156061
97391
161240
96910
155209
97912
172211
99455
157342
98763
161711
94997
153856
101018
159596
97752
156320
96891
164486
112650
186797
111457
156131
103342
154858
105777
176228
118120
174234
105306
156942
104414
150470
111337
164536
108662
153615
104805
154487
106338
172541
115465
165378
109995
325225
174856
151712
111958
185044
123721
165368
106799
173984
105446
171359
106418
158736
104244
157703
164856
151983
149488
151212
146202
147064
140712
146152
155950
143187
150210
152865
142264
152634
150109
148466
145561
182920
130783
155699
127707
146292
147845
146092
128829
172030
149958
158395
147174
154637
124201
170888
152884
153786
146041
152725
124742
147704
150229
148286
148747
145992
147535
149167
143747
154738
159276
153656
148146
151492
135352
158064
126906
152163
130062
147735
156160
157874
152684
156722
146753
146392
131805
168324
134280
150199
128670
150610
148126
167091
164886
148697
150891
142756
148326
159767
163334
151060
154668
152634
127117
144569
148577
157112
149418
152935
146893
167191
153355
148406
154097
151281
126224
151071
139119
155610
122357
156141
123099
154037
123169
158996
154798
152394
146994
151432
123249
170657
162763
147996
155309
143256
149108
160208
150730
151011
151001
148336
149358
155930
156050
148256
146933
149398
155599
157583
159838
149678
129691
149869
126566
154297
177470
152334
150550
143267
148236
165658
149037
158144
156902
150169
154728
147114
164926
151281
147916
154377
130843
154357
161130
150690
150650
148035
145901
150700
139039
156721
138517
145010
145871
146463
123449
165217
149638
149367
145861
147074
123389
158625
132036
158324
124452
150260
126195
149308
137326
152364
124712
154617
122488
150890
123590
164145
131074
153686
126816
153496
155710
164366
165538
146593
146542
147013
123379
164686
161370
152944
147485
147504
124612
148275
166660
155479
148927
151031
153075
312001
276394
202106
124532
184533
148666
180616
119573
190835
130743
201234
126676
187348
115094
185315
112379
183462
172882
253752
233144
246068
238835
252319
254424
244134
229587
222443
230629
222804
232212
213808
227223
229878
224518
220110
238474
215400
243453
215611
230699
212655
243683
217415
266305
189793
256768
194451
246879
188341
275984
198298
266416
186487
281514
195864
285671
205192
269381
182629
254343
105637
190865
99195
170347
99735
161440
102370
166981
119062
173794
99825
98413
167401
88043
165508
108832
102871
163805
102751
160419
103593
170607
101158
98753
98643
167211
100237
168143
96870
170788
116887
102501
173102
90308
164937
88405
167181
110917
103192
170798
100067
160068
97461
159246
103632
173703
102942
97001
165988
90108
168404
88485
179725
89567
168513
91750
173392
89717
167993
92402
171058
91831
96529
174334
97742
168613
102290
167431
95167
161972
95888
180225
99615
181658
102530
169866
97953
92302
169325
92672
184262
90739
168744
88454
175817
89376
174014
91801
170708
91490
165648
94286
96399
156692
95548
189953
100356
160659
101418
93524
168734
87393
188872
94185
168774
89857
167772
89897
133719
135883
113912
121897
108622
116306
108763
114674
109594
131124
105446
113571
108852
112570
106318
113020
107680
147144
109804
126165
108532
120544
100216
113722
114213
115585
111678
103222
111086
95167
109263
93614
109444
94846
120194
103563
116747
121606
106128
115194
108602
112248
113942
123439
107951
116496
101699
112169
109353
119132
118170
120845
102260
113111
100436
252129
247731
110155
184613
90969
147104
102901
97111
193009
108391
167462
106718
169034
112268
182639
123901
180696
114914
171078
116146
170768
132897
179634
118761
185115
111317
174695
117879
181057
108662

